
DETcontrolabsorptions = [
    1    1    1    1    1    1    1    1    1    1  1.10992E+19 0.00033 
];

