
DETcontrolabsorptions = [
    1    1    1    1    1    1    1    1    1    1  1.13940E+19 0.00046 
];

