
DETcontrolabsorptions = [
    1    1    1    1    1    1    1    1    1    1  8.45205E+18 0.00170 
];

