z = [
-1.5,
-1.494,
-1.488,
-1.482,
-1.476,
-1.47,
-1.464,
-1.458,
-1.452,
-1.446,
-1.44,
-1.434,
-1.428,
-1.422,
-1.416,
-1.41,
-1.404,
-1.398,
-1.392,
-1.386,
-1.38,
-1.374,
-1.368,
-1.362,
-1.356,
-1.35,
-1.344,
-1.338,
-1.332,
-1.326,
-1.32,
-1.314,
-1.308,
-1.302,
-1.296,
-1.29,
-1.284,
-1.278,
-1.272,
-1.266,
-1.26,
-1.254,
-1.248,
-1.242,
-1.236,
-1.23,
-1.224,
-1.218,
-1.212,
-1.206,
-1.2,
-1.194,
-1.188,
-1.182,
-1.176,
-1.17,
-1.164,
-1.158,
-1.152,
-1.146,
-1.14,
-1.134,
-1.128,
-1.122,
-1.116,
-1.11,
-1.104,
-1.098,
-1.092,
-1.086,
-1.08,
-1.074,
-1.068,
-1.062,
-1.056,
-1.05,
-1.044,
-1.038,
-1.032,
-1.026,
-1.02,
-1.014,
-1.008,
-1.002,
-0.996,
-0.99,
-0.984,
-0.978,
-0.972,
-0.966,
-0.96,
-0.954,
-0.948,
-0.942,
-0.936,
-0.93,
-0.924,
-0.918,
-0.912,
-0.906,
-0.9,
-0.894,
-0.888,
-0.882,
-0.876,
-0.87,
-0.864,
-0.858,
-0.852,
-0.846,
-0.84,
-0.834,
-0.828,
-0.822,
-0.816,
-0.81,
-0.804,
-0.798,
-0.792,
-0.786,
-0.78,
-0.774,
-0.768,
-0.762,
-0.756,
-0.75,
-0.744,
-0.738,
-0.732,
-0.726,
-0.72,
-0.714,
-0.708,
-0.702,
-0.696,
-0.69,
-0.684,
-0.678,
-0.672,
-0.666,
-0.66,
-0.654,
-0.648,
-0.642,
-0.636,
-0.63,
-0.624,
-0.618,
-0.612,
-0.606,
-0.6,
-0.594,
-0.588,
-0.582,
-0.576,
-0.57,
-0.564,
-0.558,
-0.552,
-0.546,
-0.54,
-0.534,
-0.528,
-0.522,
-0.516,
-0.51,
-0.504,
-0.498,
-0.492,
-0.486,
-0.48,
-0.474,
-0.468,
-0.462,
-0.456,
-0.45,
-0.444,
-0.438,
-0.432,
-0.426,
-0.42,
-0.414,
-0.408,
-0.402,
-0.396,
-0.39,
-0.384,
-0.378,
-0.372,
-0.366,
-0.36,
-0.354,
-0.348,
-0.342,
-0.336,
-0.33,
-0.324,
-0.318,
-0.312,
-0.306,
-0.3,
-0.294,
-0.288,
-0.282,
-0.276,
-0.27,
-0.264,
-0.258,
-0.252,
-0.246,
-0.24,
-0.234,
-0.228,
-0.222,
-0.216,
-0.21,
-0.204,
-0.198,
-0.192,
-0.186,
-0.18,
-0.174,
-0.168,
-0.162,
-0.156,
-0.15,
-0.144,
-0.138,
-0.132,
-0.126,
-0.12,
-0.114,
-0.108,
-0.102,
-0.096,
-0.09,
-0.084,
-0.078,
-0.072,
-0.066,
-0.06,
-0.054,
-0.048,
-0.042,
-0.036,
-0.03,
-0.024,
-0.018,
-0.012,
-0.006,
0.0,
0.006,
0.012,
0.018,
0.024,
0.03,
0.036,
0.042,
0.048,
0.054,
0.06,
0.066,
0.072,
0.078,
0.084,
0.09,
0.096,
0.102,
0.108,
0.114,
0.12,
0.126,
0.132,
0.138,
0.144,
0.15,
0.156,
0.162,
0.168,
0.174,
0.18,
0.186,
0.192,
0.198,
0.204,
0.21,
0.216,
0.222,
0.228,
0.234,
0.24,
0.246,
0.252,
0.258,
0.264,
0.27,
0.276,
0.282,
0.288,
0.294,
0.3,
0.306,
0.312,
0.318,
0.324,
0.33,
0.336,
0.342,
0.348,
0.354,
0.36,
0.366,
0.372,
0.378,
0.384,
0.39,
0.396,
0.402,
0.408,
0.414,
0.42,
0.426,
0.432,
0.438,
0.444,
0.45,
0.456,
0.462,
0.468,
0.474,
0.48,
0.486,
0.492,
0.498,
0.504,
0.51,
0.516,
0.522,
0.528,
0.534,
0.54,
0.546,
0.552,
0.558,
0.564,
0.57,
0.576,
0.582,
0.588,
0.594,
0.6,
0.606,
0.612,
0.618,
0.624,
0.63,
0.636,
0.642,
0.648,
0.654,
0.66,
0.666,
0.672,
0.678,
0.684,
0.69,
0.696,
0.702,
0.708,
0.714,
0.72,
0.726,
0.732,
0.738,
0.744,
0.75,
0.756,
0.762,
0.768,
0.774,
0.78,
0.786,
0.792,
0.798,
0.804,
0.81,
0.816,
0.822,
0.828,
0.834,
0.84,
0.846,
0.852,
0.858,
0.864,
0.87,
0.876,
0.882,
0.888,
0.894,
0.9,
0.906,
0.912,
0.918,
0.924,
0.93,
0.936,
0.942,
0.948,
0.954,
0.96,
0.966,
0.972,
0.978,
0.984,
0.99,
0.996,
1.002,
1.008,
1.014,
1.02,
1.026,
1.032,
1.038,
1.044,
1.05,
1.056,
1.062,
1.068,
1.074,
1.08,
1.086,
1.092,
1.098,
1.104,
1.11,
1.116,
1.122,
1.128,
1.134,
1.14,
1.146,
1.152,
1.158,
1.164,
1.17,
1.176,
1.182,
1.188,
1.194,
1.2,
1.206,
1.212,
1.218,
1.224,
1.23,
1.236,
1.242,
1.248,
1.254,
1.26,
1.266,
1.272,
1.278,
1.284,
1.29,
1.296,
1.302,
1.308,
1.314,
1.32,
1.326,
1.332,
1.338,
1.344,
1.35,
1.356,
1.362,
1.368,
1.374,
1.38,
1.386,
1.392,
1.398,
1.404,
1.41,
1.416,
1.422,
1.428,
1.434,
1.44,
1.446,
1.452,
1.458,
1.464,
1.47,
1.476,
1.482,
1.488,
1.494,
1.5,];
czc = [
355.0,
355.0319726274937,
355.0663923806451,
355.1032580272878,
355.1425682476969,
355.18432163463615,
355.2285166934082,
355.27515184190804,
355.3242254106801,
355.37573564297725,
355.42968069482447,
355.4860586350843,
355.54486744552617,
355.6061050208989,
355.6697691690057,
355.73585761078255,
355.8043679803802,
355.87529782524894,
355.94864460622546,
356.02440569762507,
356.1025783873348,
356.1831598769105,
356.2661472816775,
356.3515376308337,
356.4393278675557,
356.5295148491082,
356.62209534695705,
356.71706604688416,
356.81442354910666,
356.91416436839825,
357.016284934214,
357.1207815908184,
357.2276505974162,
357.336888128286,
357.4484902729174,
357.5624530361514,
357.6787723383226,
357.79744401540574,
357.9184638191649,
358.0418274173054,
358.16753039362845,
358.2955682481902,
358.425936397462,
358.55863017449474,
358.6936448290861,
358.8309755279503,
358.9706173548915,
359.11256531097933,
359.2568143147282,
359.4033592022789,
359.55219472758415,
359.7033155625952,
359.8567162974538,
360.01239144068495,
360.17033541939406,
360.3305425794664,
360.493007185769,
360.6577234223564,
360.82468539267904,
360.9938871197936,
361.16532254657795,
361.338985535947,
361.5148698710733,
361.69296925560855,
361.8732773139103,
362.0557875912691,
362.2404935541398,
362.42738859037604,
362.6164660094662,
362.80771904277333,
363.0011408437771,
363.19672448831955,
363.39446297485233,
363.59434922468745,
363.79637608225096,
364.0005363153389,
364.20682261537615,
364.4152275976784,
364.625743801716,
364.83836369138135,
365.0530796552588,
365.26988400689675,
365.48876898508297,
365.7097267541229,
365.93274940411925,
366.15782895125574,
366.38495733808315,
366.6141264338071,
366.84532803457944,
367.0785538637921,
367.313795572373,
367.55104473908557,
367.79029287082926,
368.03153140294444,
368.27475169951856,
368.51994505369544,
368.76710268798684,
369.01621575458705,
369.2672753356891,
369.52027244380406,
369.7751980220835,
370.0320429446426,
370.29079801688783,
370.55145397584556,
370.8140014904935,
371.0784311620956,
371.34473352453745,
371.6128990446656,
371.8829181226291,
372.15478109222295,
372.42847822123383,
372.7039997117889,
372.9813357007064,
373.2604762598487,
373.54141139647777,
373.8241310536131,
374.108625110391,
374.3948833824279,
374.6828956221841,
374.9726515193313,
375.26414070112116,
375.5573527327566,
375.852277117766,
376.1489032983783,
376.4472206559011,
376.747218511101,
377.0488861245856,
377.3522126971882,
377.65718737035445,
377.9637992265307,
378.272037289555,
378.5818905250503,
378.89334784081916,
379.2063980872408,
379.5210300576704,
379.8372324888403,
380.15499406126287,
380.47430339963637,
380.79514907325154,
381.11751959640094,
381.4414034287904,
381.76678897595207,
382.09366458965894,
382.42201856834265,
382.7518391575119,
383.08311455017326,
383.4158328872538,
383.74998225802597,
384.08555070053376,
384.42252620202055,
384.76089669935993,
385.10065007948685,
385.44177417983155,
385.784256788755,
386.12808564598583,
386.47324844305933,
386.8197328237584,
387.16752638455534,
387.51661667505607,
387.86699119844616,
388.2186374119375,
388.5715427272181,
388.9256945109022,
389.2810800849827,
389.637686727285,
389.9955016719224,
390.35451210975293,
390.7147051888386,
391.0760680149043,
391.4385876518005,
391.8022511219657,
392.16704540689136,
392.5329574475876,
392.8999741450509,
393.26808236073305,
393.6372689170114,
394.00752059766046,
394.3788241483254,
394.7511662769962,
395.12453365448357,
395.4989129148961,
395.874290656119,
396.25065344029326,
396.62798779429727,
397.0062802102291,
397.3855171458895,
397.76568502526743,
398.1467702390256,
398.5287591449878,
398.9116380686272,
399.2953933035559,
399.68001111201556,
400.0654777253693,
400.4517793445947,
400.83890214077724,
401.22683225560604,
401.6155558018694,
402.0050588639524,
402.3953274983347,
402.7863477340899,
403.17810557338544,
403.570586991984,
403.96377793974546,
404.35766434112963,
404.7522320957004,
405.1474670786305,
405.54335514120703,
405.93988211133785,
406.33703379405927,
406.7347959720437,
407.1331544061094,
407.53209483572914,
407.9316029795417,
408.3316645358624,
408.73226518319575,
409.13339058074735,
409.5350263689379,
409.93715816991687,
410.3397715880776,
410.7428522105721,
411.1463856078276,
411.55035733406237,
411.9547529278037,
412.35955791240497,
