
DETcontrolabsorptions = [
    1    1    1    1    1    1    1    1    1    1  9.15109E+18 0.00052 
];

