
DETcontrolabsorptions = [
    1    1    1    1    1    1    1    1    1    1  9.75573E+18 0.00040 
];

