
DETcontrolabsorptions = [
    1    1    1    1    1    1    1    1    1    1  1.28980E+19 0.00059 
];

