
DETbatch1 = [
    1    1    1    1    1    1    1    1    1    1  2.99132E+19 0.00202 
    2    1    1    2    1    1    1    1    1    1  1.74201E+20 0.00159 
    3    1    1    3    1    1    1    1    1    1  5.51429E+20 0.00118 
    4    1    1    4    1    1    1    1    1    1  9.94553E+20 0.00078 
    5    1    1    5    1    1    1    1    1    1  1.07922E+21 0.00087 
    6    1    1    6    1    1    1    1    1    1  7.13095E+20 0.00101 
    7    1    1    7    1    1    1    1    1    1  2.75597E+20 0.00150 
    8    1    1    8    1    1    1    1    1    1  6.16908E+19 0.00218 
    9    1    1    9    1    1    1    1    1    1  8.53981E+18 0.00357 
];


DETbatch2 = [
    1    1    1    1    1    1    1    1    1    1  3.73626E+19 0.00200 
    2    1    1    2    1    1    1    1    1    1  2.25556E+20 0.00154 
    3    1    1    3    1    1    1    1    1    1  6.88855E+20 0.00114 
    4    1    1    4    1    1    1    1    1    1  1.15064E+21 0.00069 
    5    1    1    5    1    1    1    1    1    1  1.22879E+21 0.00059 
    6    1    1    6    1    1    1    1    1    1  8.62748E+20 0.00096 
    7    1    1    7    1    1    1    1    1    1  3.53299E+20 0.00143 
    8    1    1    8    1    1    1    1    1    1  7.76039E+19 0.00200 
    9    1    1    9    1    1    1    1    1    1  9.88335E+18 0.00317 
];


DETbatch3 = [
    1    1    1    1    1    1    1    1    1    1  3.38650E+19 0.00193 
    2    1    1    2    1    1    1    1    1    1  2.02580E+20 0.00151 
    3    1    1    3    1    1    1    1    1    1  5.94955E+20 0.00112 
    4    1    1    4    1    1    1    1    1    1  9.50989E+20 0.00077 
    5    1    1    5    1    1    1    1    1    1  1.00619E+21 0.00046 
    6    1    1    6    1    1    1    1    1    1  7.30692E+20 0.00096 
    7    1    1    7    1    1    1    1    1    1  3.12653E+20 0.00147 
    8    1    1    8    1    1    1    1    1    1  6.99871E+19 0.00163 
    9    1    1    9    1    1    1    1    1    1  8.86376E+18 0.00296 
];


DETbatch4 = [
    1    1    1    1    1    1    1    1    1    1  2.58121E+19 0.00205 
    2    1    1    2    1    1    1    1    1    1  1.48145E+20 0.00132 
    3    1    1    3    1    1    1    1    1    1  4.33907E+20 0.00106 
    4    1    1    4    1    1    1    1    1    1  7.07404E+20 0.00079 
    5    1    1    5    1    1    1    1    1    1  7.51132E+20 0.00058 
    6    1    1    6    1    1    1    1    1    1  5.36453E+20 0.00100 
    7    1    1    7    1    1    1    1    1    1  2.27144E+20 0.00133 
    8    1    1    8    1    1    1    1    1    1  5.25078E+19 0.00168 
    9    1    1    9    1    1    1    1    1    1  7.04159E+18 0.00309 
];


DETbatch5 = [
    1    1    1    1    1    1    1    1    1    1  1.66955E+19 0.00209 
    2    1    1    2    1    1    1    1    1    1  9.00792E+19 0.00125 
    3    1    1    3    1    1    1    1    1    1  2.57314E+20 0.00107 
    4    1    1    4    1    1    1    1    1    1  4.25115E+20 0.00085 
    5    1    1    5    1    1    1    1    1    1  4.53536E+20 0.00070 
    6    1    1    6    1    1    1    1    1    1  3.19900E+20 0.00099 
    7    1    1    7    1    1    1    1    1    1  1.36642E+20 0.00139 
    8    1    1    8    1    1    1    1    1    1  3.34232E+19 0.00200 
    9    1    1    9    1    1    1    1    1    1  4.89128E+18 0.00349 
];


DETbatch6 = [
    1    1    1    1    1    1    1    1    1    1  9.92013E+18 0.00199 
    2    1    1    2    1    1    1    1    1    1  5.00689E+19 0.00134 
    3    1    1    3    1    1    1    1    1    1  1.38119E+20 0.00104 
    4    1    1    4    1    1    1    1    1    1  2.28076E+20 0.00082 
    5    1    1    5    1    1    1    1    1    1  2.44036E+20 0.00067 
    6    1    1    6    1    1    1    1    1    1  1.71972E+20 0.00107 
    7    1    1    7    1    1    1    1    1    1  7.50426E+19 0.00151 
    8    1    1    8    1    1    1    1    1    1  1.94955E+19 0.00175 
    9    1    1    9    1    1    1    1    1    1  3.13559E+18 0.00363 
];


DETbatch7 = [
    1    1    1    1    1    1    1    1    1    1  5.75933E+18 0.00302 
    2    1    1    2    1    1    1    1    1    1  2.68762E+19 0.00149 
    3    1    1    3    1    1    1    1    1    1  7.09097E+19 0.00107 
    4    1    1    4    1    1    1    1    1    1  1.15668E+20 0.00085 
    5    1    1    5    1    1    1    1    1    1  1.23730E+20 0.00076 
    6    1    1    6    1    1    1    1    1    1  8.80430E+19 0.00120 
    7    1    1    7    1    1    1    1    1    1  3.97721E+19 0.00168 
    8    1    1    8    1    1    1    1    1    1  1.10551E+19 0.00201 
    9    1    1    9    1    1    1    1    1    1  2.00720E+18 0.00449 
];

