
DETcontrolabsorptions = [
    1    1    1    1    1    1    1    1    1    1  1.08374E+19 0.00036 
];

