
DETcontrolabsorptions = [
    1    1    1    1    1    1    1    1    1    1  9.94901E+18 0.00038 
];

