
DETbatch1 = [
    1    1    1    1    1    1    1    1    1    1  5.08222E+19 0.00208 
    2    1    1    2    1    1    1    1    1    1  2.85422E+20 0.00160 
    3    1    1    3    1    1    1    1    1    1  8.39198E+20 0.00100 
    4    1    1    4    1    1    1    1    1    1  1.39353E+21 0.00059 
    5    1    1    5    1    1    1    1    1    1  1.48537E+21 0.00069 
    6    1    1    6    1    1    1    1    1    1  1.04580E+21 0.00086 
    7    1    1    7    1    1    1    1    1    1  4.38096E+20 0.00119 
    8    1    1    8    1    1    1    1    1    1  1.02944E+20 0.00159 
    9    1    1    9    1    1    1    1    1    1  1.43388E+19 0.00239 
];


DETbatch2 = [
    1    1    1    1    1    1    1    1    1    1  4.57444E+19 0.00207 
    2    1    1    2    1    1    1    1    1    1  2.46679E+20 0.00161 
    3    1    1    3    1    1    1    1    1    1  6.51716E+20 0.00101 
    4    1    1    4    1    1    1    1    1    1  9.76605E+20 0.00054 
    5    1    1    5    1    1    1    1    1    1  1.02333E+21 0.00057 
    6    1    1    6    1    1    1    1    1    1  7.78742E+20 0.00083 
    7    1    1    7    1    1    1    1    1    1  3.67934E+20 0.00128 
    8    1    1    8    1    1    1    1    1    1  9.20778E+19 0.00156 
    9    1    1    9    1    1    1    1    1    1  1.28538E+19 0.00242 
];


DETbatch3 = [
    1    1    1    1    1    1    1    1    1    1  3.30987E+19 0.00212 
    2    1    1    2    1    1    1    1    1    1  1.71179E+20 0.00172 
    3    1    1    3    1    1    1    1    1    1  4.22358E+20 0.00121 
    4    1    1    4    1    1    1    1    1    1  5.98424E+20 0.00070 
    5    1    1    5    1    1    1    1    1    1  6.21185E+20 0.00067 
    6    1    1    6    1    1    1    1    1    1  4.93508E+20 0.00101 
    7    1    1    7    1    1    1    1    1    1  2.50148E+20 0.00144 
    8    1    1    8    1    1    1    1    1    1  6.58684E+19 0.00197 
    9    1    1    9    1    1    1    1    1    1  9.46294E+18 0.00297 
];


DETbatch4 = [
    1    1    1    1    1    1    1    1    1    1  2.33988E+19 0.00223 
    2    1    1    2    1    1    1    1    1    1  1.17564E+20 0.00164 
    3    1    1    3    1    1    1    1    1    1  2.94334E+20 0.00130 
    4    1    1    4    1    1    1    1    1    1  4.29099E+20 0.00088 
    5    1    1    5    1    1    1    1    1    1  4.47842E+20 0.00078 
    6    1    1    6    1    1    1    1    1    1  3.47899E+20 0.00118 
    7    1    1    7    1    1    1    1    1    1  1.71680E+20 0.00149 
    8    1    1    8    1    1    1    1    1    1  4.61404E+19 0.00212 
    9    1    1    9    1    1    1    1    1    1  7.01689E+18 0.00290 
];


DETbatch5 = [
    1    1    1    1    1    1    1    1    1    1  1.48887E+19 0.00212 
    2    1    1    2    1    1    1    1    1    1  7.17252E+19 0.00150 
    3    1    1    3    1    1    1    1    1    1  1.81382E+20 0.00125 
    4    1    1    4    1    1    1    1    1    1  2.74493E+20 0.00089 
    5    1    1    5    1    1    1    1    1    1  2.88955E+20 0.00086 
    6    1    1    6    1    1    1    1    1    1  2.17581E+20 0.00125 
    7    1    1    7    1    1    1    1    1    1  1.04686E+20 0.00163 
    8    1    1    8    1    1    1    1    1    1  2.89384E+19 0.00210 
    9    1    1    9    1    1    1    1    1    1  4.70526E+18 0.00346 
];


DETbatch6 = [
    1    1    1    1    1    1    1    1    1    1  8.79406E+18 0.00247 
    2    1    1    2    1    1    1    1    1    1  4.06104E+19 0.00166 
    3    1    1    3    1    1    1    1    1    1  1.02142E+20 0.00126 
    4    1    1    4    1    1    1    1    1    1  1.58032E+20 0.00094 
    5    1    1    5    1    1    1    1    1    1  1.67266E+20 0.00102 
    6    1    1    6    1    1    1    1    1    1  1.23747E+20 0.00130 
    7    1    1    7    1    1    1    1    1    1  5.91514E+19 0.00170 
    8    1    1    8    1    1    1    1    1    1  1.69498E+19 0.00236 
    9    1    1    9    1    1    1    1    1    1  2.97953E+18 0.00375 
];


DETbatch7 = [
    1    1    1    1    1    1    1    1    1    1  5.11365E+18 0.00268 
    2    1    1    2    1    1    1    1    1    1  2.21995E+19 0.00183 
    3    1    1    3    1    1    1    1    1    1  5.44014E+19 0.00144 
    4    1    1    4    1    1    1    1    1    1  8.44050E+19 0.00106 
    5    1    1    5    1    1    1    1    1    1  8.95294E+19 0.00114 
    6    1    1    6    1    1    1    1    1    1  6.61070E+19 0.00145 
    7    1    1    7    1    1    1    1    1    1  3.20275E+19 0.00186 
    8    1    1    8    1    1    1    1    1    1  9.64180E+18 0.00273 
    9    1    1    9    1    1    1    1    1    1  1.88469E+18 0.00371 
];

