
DETcontrolabsorptions = [
    1    1    1    1    1    1    1    1    1    1  9.76365E+18 0.00044 
];

