z = [
-1.5,
-1.494,
-1.488,
-1.482,
-1.476,
-1.47,
-1.464,
-1.458,
-1.452,
-1.446,
-1.44,
-1.434,
-1.428,
-1.422,
-1.416,
-1.41,
-1.404,
-1.398,
-1.392,
-1.386,
-1.38,
-1.374,
-1.368,
-1.362,
-1.356,
-1.35,
-1.344,
-1.338,
-1.332,
-1.326,
-1.32,
-1.314,
-1.308,
-1.302,
-1.296,
-1.29,
-1.284,
-1.278,
-1.272,
-1.266,
-1.26,
-1.254,
-1.248,
-1.242,
-1.236,
-1.23,
-1.224,
-1.218,
-1.212,
-1.206,
-1.2,
-1.194,
-1.188,
-1.182,
-1.176,
-1.17,
-1.164,
-1.158,
-1.152,
-1.146,
-1.14,
-1.134,
-1.128,
-1.122,
-1.116,
-1.11,
-1.104,
-1.098,
-1.092,
-1.086,
-1.08,
-1.074,
-1.068,
-1.062,
-1.056,
-1.05,
-1.044,
-1.038,
-1.032,
-1.026,
-1.02,
-1.014,
-1.008,
-1.002,
-0.996,
-0.99,
-0.984,
-0.978,
-0.972,
-0.966,
-0.96,
-0.954,
-0.948,
-0.942,
-0.936,
-0.93,
-0.924,
-0.918,
-0.912,
-0.906,
-0.9,
-0.894,
-0.888,
-0.882,
-0.876,
-0.87,
-0.864,
-0.858,
-0.852,
-0.846,
-0.84,
-0.834,
-0.828,
-0.822,
-0.816,
-0.81,
-0.804,
-0.798,
-0.792,
-0.786,
-0.78,
-0.774,
-0.768,
-0.762,
-0.756,
-0.75,
-0.744,
-0.738,
-0.732,
-0.726,
-0.72,
-0.714,
-0.708,
-0.702,
-0.696,
-0.69,
-0.684,
-0.678,
-0.672,
-0.666,
-0.66,
-0.654,
-0.648,
-0.642,
-0.636,
-0.63,
-0.624,
-0.618,
-0.612,
-0.606,
-0.6,
-0.594,
-0.588,
-0.582,
-0.576,
-0.57,
-0.564,
-0.558,
-0.552,
-0.546,
-0.54,
-0.534,
-0.528,
-0.522,
-0.516,
-0.51,
-0.504,
-0.498,
-0.492,
-0.486,
-0.48,
-0.474,
-0.468,
-0.462,
-0.456,
-0.45,
-0.444,
-0.438,
-0.432,
-0.426,
-0.42,
-0.414,
-0.408,
-0.402,
-0.396,
-0.39,
-0.384,
-0.378,
-0.372,
-0.366,
-0.36,
-0.354,
-0.348,
-0.342,
-0.336,
-0.33,
-0.324,
-0.318,
-0.312,
-0.306,
-0.3,
-0.294,
-0.288,
-0.282,
-0.276,
-0.27,
-0.264,
-0.258,
-0.252,
-0.246,
-0.24,
-0.234,
-0.228,
-0.222,
-0.216,
-0.21,
-0.204,
-0.198,
-0.192,
-0.186,
-0.18,
-0.174,
-0.168,
-0.162,
-0.156,
-0.15,
-0.144,
-0.138,
-0.132,
-0.126,
-0.12,
-0.114,
-0.108,
-0.102,
-0.096,
-0.09,
-0.084,
-0.078,
-0.072,
-0.066,
-0.06,
-0.054,
-0.048,
-0.042,
-0.036,
-0.03,
-0.024,
-0.018,
-0.012,
-0.006,
0.0,
0.006,
0.012,
0.018,
0.024,
0.03,
0.036,
0.042,
0.048,
0.054,
0.06,
0.066,
0.072,
0.078,
0.084,
0.09,
0.096,
0.102,
0.108,
0.114,
0.12,
0.126,
0.132,
0.138,
0.144,
0.15,
0.156,
0.162,
0.168,
0.174,
0.18,
0.186,
0.192,
0.198,
0.204,
0.21,
0.216,
0.222,
0.228,
0.234,
0.24,
0.246,
0.252,
0.258,
0.264,
0.27,
0.276,
0.282,
0.288,
0.294,
0.3,
0.306,
0.312,
0.318,
0.324,
0.33,
0.336,
0.342,
0.348,
0.354,
0.36,
0.366,
0.372,
0.378,
0.384,
0.39,
0.396,
0.402,
0.408,
0.414,
0.42,
0.426,
0.432,
0.438,
0.444,
0.45,
0.456,
0.462,
0.468,
0.474,
0.48,
0.486,
0.492,
0.498,
0.504,
0.51,
0.516,
0.522,
0.528,
0.534,
0.54,
0.546,
0.552,
0.558,
0.564,
0.57,
0.576,
0.582,
0.588,
0.594,
0.6,
0.606,
0.612,
0.618,
0.624,
0.63,
0.636,
0.642,
0.648,
0.654,
0.66,
0.666,
0.672,
0.678,
0.684,
0.69,
0.696,
0.702,
0.708,
0.714,
0.72,
0.726,
0.732,
0.738,
0.744,
0.75,
0.756,
0.762,
0.768,
0.774,
0.78,
0.786,
0.792,
0.798,
0.804,
0.81,
0.816,
0.822,
0.828,
0.834,
0.84,
0.846,
0.852,
0.858,
0.864,
0.87,
0.876,
0.882,
0.888,
0.894,
0.9,
0.906,
0.912,
0.918,
0.924,
0.93,
0.936,
0.942,
0.948,
0.954,
0.96,
0.966,
0.972,
0.978,
0.984,
0.99,
0.996,
1.002,
1.008,
1.014,
1.02,
1.026,
1.032,
1.038,
1.044,
1.05,
1.056,
1.062,
1.068,
1.074,
1.08,
1.086,
1.092,
1.098,
1.104,
1.11,
1.116,
1.122,
1.128,
1.134,
1.14,
1.146,
1.152,
1.158,
1.164,
1.17,
1.176,
1.182,
1.188,
1.194,
1.2,
1.206,
1.212,
1.218,
1.224,
1.23,
1.236,
1.242,
1.248,
1.254,
1.26,
1.266,
1.272,
1.278,
1.284,
1.29,
1.296,
1.302,
1.308,
1.314,
1.32,
1.326,
1.332,
1.338,
1.344,
1.35,
1.356,
1.362,
1.368,
1.374,
1.38,
1.386,
1.392,
1.398,
1.404,
1.41,
1.416,
1.422,
1.428,
1.434,
1.44,
1.446,
1.452,
1.458,
1.464,
1.47,
1.476,
1.482,
1.488,
1.494,
1.5,];
cot = [
356.08979106642926,
356.2188823218546,
356.35117686667616,
356.48667049305016,
356.6253588776615,
356.7672375818131,
356.91230205152044,
357.0605476176096,
357.21196949581986,
357.3665627869109,
357.52432247677336,
357.6852434365445,
357.8493204227275,
358.0165480773155,
358.1869209279196,
358.3604333879009,
358.53707975650707,
358.71685421901384,
358.8997508468692,
359.08576359784263,
359.27488631617973,
359.467112732759,
359.66243646525436,
359.8608510183012,
360.0623497836674,
360.2669260404281,
360.474572955144,
360.68528358204605,
360.89905086322244,
361.1158676288097,
361.3357265971904,
361.5586203751923,
361.78454145829346,
362.0134822308312,
362.24543496621527,
362.4803918271447,
362.71834486583055,
362.95928602422043,
363.20320713423007,
363.45009991797644,
363.69995598801734,
363.9527668475936,
364.2085238908769,
364.46721840321993,
364.72884156141333,
364.9933844339448,
365.26083798126274,
365.5311930560455,
365.80444040347277,
366.080570661503,
366.35957436115393,
366.6414419267878,
366.9261636764006,
367.21372982191554,
367.50413046948074,
367.7973556197709,
368.0933951682939,
368.3922389057004,
368.69387651809836,
368.998297587372,
369.3054915915043,
369.6154479049036,
369.9281557987347,
370.24360444125443,
370.561782898151,
370.88268013288655,
371.2062850070456,
371.5325862806865,
371.86157261269693,
372.19323256115456,
372.52755458368995,
372.8645270378554,
373.2041381814969,
373.5463761731305,
373.8912290723225,
374.2386848400736,
374.58873133920747,
374.9413563347639,
375.29654749439374,
375.65429238876106,
376.0145784919464,
376.3773931818562,
376.7427237406348,
377.11055735508114,
377.4808811170692,
377.8536820239726,
378.2289469790928,
378.6066627920918,
378.98681617942805,
379.36939376479677,
379.7543820795745,
380.1417675632665,
380.53153656395955,
380.9236753387769,
381.31817005433834,
381.7150067872243,
382.1141715244421,
382.5156501638986,
382.91942851487374,
383.3254922985012,
383.73382714824936,
384.1444186104093,
384.55725214458346,
384.9723131241815,
385.38958683691646,
385.80905848530733,
386.2307131871837,
386.6545359761949,
387.0805118023227,
387.5086255323977,
387.93886195061884,
388.37120575907784,
388.80564157828564,
389.24215394770397,
389.68072732627945,
390.12134609298187,
390.5639945473458,
391.0086569100165,
391.4553173232971,
391.9039598517028,
392.35456848251545,
392.8071271263435,
393.2616196176848,
393.71802971549255,
394.17634110374536,
394.6365373920203,
395.09860211606986,
395.5625187384014,
396.0282706488608,
396.49584116521964,
396.96521353376454,
397.4363709298907,
397.9092964586996,
398.3839731555979,
398.8603839869012,
399.3385118504407,
399.818339576173,
400.29984992679294,
400.7830255983499,
401.26784922086733,
401.7543033589652,
402.24237051248576,
402.7320331171221,
403.2232735450509,
403.71607410556635,
404.2104170457187,
404.7062845509556,
405.20365874576623,
405.70252169432763,
406.20285540115606,
406.7046418117586,
407.2078628132907,
407.71250023521384,
408.21853584995756,
408.72595137358485,
409.2347284664587,
409.74484873391305,
410.2562937269256,
410.7690449427936,
411.2830838258127,
411.79839176795895,
412.3149501095711,
412.8327401400394,
413.3517430984938,
413.87194017449644,
414.3933125087359,
414.91584119372476,
415.4395072745,
415.96429174932405,
416.49017557039053,
417.01713964453177,
417.54516483392774,
418.0742319568193,
418.6043217882217,
419.135415060643,
419.6674924648022,
420.20053465035187,
420.7345222266016,
421.26943576324436,
421.8052557910854,
422.34196280277274,
422.8795372535302,
423.4179595618924,
423.9572101104427,
424.49726924655124,
425.038117283118,
425.57973449931524,
426.12210114133336,
426.6651974231288,
427.20900352717285,
427.75349960520373,
428.2986657789801,
428.8444821410353,
429.3909287554359,
429.93798565853945,
430.4856328597559,
431.03385034230985,
431.5826180640048,
432.1319159579889,
432.681723933523,
433.2320218767496,
433.78278965146376,
434.3340070998855,
434.88565404343365,
435.4377102835018,
435.9901556022346,
436.54296976330704,
437.09613251270355,
437.64962357949946,
438.20342267664375,
438.7575095017428,
439.3118637378459,
439.86646505423107,
440.4212931071934,
440.9763275408336,
441.53154798784806,
442.0869340703201,
442.6424654005117,
443.19812158165803,
443.75388220875993,
444.30972686938105,
444.86563514444254,
445.4215866090216,
