z = [
-1.5,
-1.494,
-1.488,
-1.482,
-1.476,
-1.47,
-1.464,
-1.458,
-1.452,
-1.446,
-1.44,
-1.434,
-1.428,
-1.422,
-1.416,
-1.41,
-1.404,
-1.398,
-1.392,
-1.386,
-1.38,
-1.374,
-1.368,
-1.362,
-1.356,
-1.35,
-1.344,
-1.338,
-1.332,
-1.326,
-1.32,
-1.314,
-1.308,
-1.302,
-1.296,
-1.29,
-1.284,
-1.278,
-1.272,
-1.266,
-1.26,
-1.254,
-1.248,
-1.242,
-1.236,
-1.23,
-1.224,
-1.218,
-1.212,
-1.206,
-1.2,
-1.194,
-1.188,
-1.182,
-1.176,
-1.17,
-1.164,
-1.158,
-1.152,
-1.146,
-1.14,
-1.134,
-1.128,
-1.122,
-1.116,
-1.11,
-1.104,
-1.098,
-1.092,
-1.086,
-1.08,
-1.074,
-1.068,
-1.062,
-1.056,
-1.05,
-1.044,
-1.038,
-1.032,
-1.026,
-1.02,
-1.014,
-1.008,
-1.002,
-0.996,
-0.99,
-0.984,
-0.978,
-0.972,
-0.966,
-0.96,
-0.954,
-0.948,
-0.942,
-0.936,
-0.93,
-0.924,
-0.918,
-0.912,
-0.906,
-0.9,
-0.894,
-0.888,
-0.882,
-0.876,
-0.87,
-0.864,
-0.858,
-0.852,
-0.846,
-0.84,
-0.834,
-0.828,
-0.822,
-0.816,
-0.81,
-0.804,
-0.798,
-0.792,
-0.786,
-0.78,
-0.774,
-0.768,
-0.762,
-0.756,
-0.75,
-0.744,
-0.738,
-0.732,
-0.726,
-0.72,
-0.714,
-0.708,
-0.702,
-0.696,
-0.69,
-0.684,
-0.678,
-0.672,
-0.666,
-0.66,
-0.654,
-0.648,
-0.642,
-0.636,
-0.63,
-0.624,
-0.618,
-0.612,
-0.606,
-0.6,
-0.594,
-0.588,
-0.582,
-0.576,
-0.57,
-0.564,
-0.558,
-0.552,
-0.546,
-0.54,
-0.534,
-0.528,
-0.522,
-0.516,
-0.51,
-0.504,
-0.498,
-0.492,
-0.486,
-0.48,
-0.474,
-0.468,
-0.462,
-0.456,
-0.45,
-0.444,
-0.438,
-0.432,
-0.426,
-0.42,
-0.414,
-0.408,
-0.402,
-0.396,
-0.39,
-0.384,
-0.378,
-0.372,
-0.366,
-0.36,
-0.354,
-0.348,
-0.342,
-0.336,
-0.33,
-0.324,
-0.318,
-0.312,
-0.306,
-0.3,
-0.294,
-0.288,
-0.282,
-0.276,
-0.27,
-0.264,
-0.258,
-0.252,
-0.246,
-0.24,
-0.234,
-0.228,
-0.222,
-0.216,
-0.21,
-0.204,
-0.198,
-0.192,
-0.186,
-0.18,
-0.174,
-0.168,
-0.162,
-0.156,
-0.15,
-0.144,
-0.138,
-0.132,
-0.126,
-0.12,
-0.114,
-0.108,
-0.102,
-0.096,
-0.09,
-0.084,
-0.078,
-0.072,
-0.066,
-0.06,
-0.054,
-0.048,
-0.042,
-0.036,
-0.03,
-0.024,
-0.018,
-0.012,
-0.006,
0.0,
0.006,
0.012,
0.018,
0.024,
0.03,
0.036,
0.042,
0.048,
0.054,
0.06,
0.066,
0.072,
0.078,
0.084,
0.09,
0.096,
0.102,
0.108,
0.114,
0.12,
0.126,
0.132,
0.138,
0.144,
0.15,
0.156,
0.162,
0.168,
0.174,
0.18,
0.186,
0.192,
0.198,
0.204,
0.21,
0.216,
0.222,
0.228,
0.234,
0.24,
0.246,
0.252,
0.258,
0.264,
0.27,
0.276,
0.282,
0.288,
0.294,
0.3,
0.306,
0.312,
0.318,
0.324,
0.33,
0.336,
0.342,
0.348,
0.354,
0.36,
0.366,
0.372,
0.378,
0.384,
0.39,
0.396,
0.402,
0.408,
0.414,
0.42,
0.426,
0.432,
0.438,
0.444,
0.45,
0.456,
0.462,
0.468,
0.474,
0.48,
0.486,
0.492,
0.498,
0.504,
0.51,
0.516,
0.522,
0.528,
0.534,
0.54,
0.546,
0.552,
0.558,
0.564,
0.57,
0.576,
0.582,
0.588,
0.594,
0.6,
0.606,
0.612,
0.618,
0.624,
0.63,
0.636,
0.642,
0.648,
0.654,
0.66,
0.666,
0.672,
0.678,
0.684,
0.69,
0.696,
0.702,
0.708,
0.714,
0.72,
0.726,
0.732,
0.738,
0.744,
0.75,
0.756,
0.762,
0.768,
0.774,
0.78,
0.786,
0.792,
0.798,
0.804,
0.81,
0.816,
0.822,
0.828,
0.834,
0.84,
0.846,
0.852,
0.858,
0.864,
0.87,
0.876,
0.882,
0.888,
0.894,
0.9,
0.906,
0.912,
0.918,
0.924,
0.93,
0.936,
0.942,
0.948,
0.954,
0.96,
0.966,
0.972,
0.978,
0.984,
0.99,
0.996,
1.002,
1.008,
1.014,
1.02,
1.026,
1.032,
1.038,
1.044,
1.05,
1.056,
1.062,
1.068,
1.074,
1.08,
1.086,
1.092,
1.098,
1.104,
1.11,
1.116,
1.122,
1.128,
1.134,
1.14,
1.146,
1.152,
1.158,
1.164,
1.17,
1.176,
1.182,
1.188,
1.194,
1.2,
1.206,
1.212,
1.218,
1.224,
1.23,
1.236,
1.242,
1.248,
1.254,
1.26,
1.266,
1.272,
1.278,
1.284,
1.29,
1.296,
1.302,
1.308,
1.314,
1.32,
1.326,
1.332,
1.338,
1.344,
1.35,
1.356,
1.362,
1.368,
1.374,
1.38,
1.386,
1.392,
1.398,
1.404,
1.41,
1.416,
1.422,
1.428,
1.434,
1.44,
1.446,
1.452,
1.458,
1.464,
1.47,
1.476,
1.482,
1.488,
1.494,
1.5,];
cze = [
355.0,
355.01856791379294,
355.03855698129803,
355.05996648694213,
355.0827956643027,
355.10704369613563,
355.1327097144043,
355.1597928003108,
355.18829198432843,
355.21820624623683,
355.2495345151584,
355.28227566959663,
355.316428537476,
355.3519918961845,
355.3889644726165,
355.4273449432194,
355.46713193404037,
355.50832402077526,
355.55091972882053,
355.5949175333252,
355.64031585924545,
355.6871130814019,
355.73530752453667,
355.7848974633739,
355.8358811226816,
355.8882566773351,
355.9420222523821,
355.99717592311026,
356.0537157151157,
356.11163960437386,
356.17094551731225,
356.23163133088394,
356.2936948726442,
356.35713392082823,
356.4219462044301,
356.48812940328514,
356.5556811481516,
356.6245990207967,
356.6948805540827,
356.76652323205485,
356.8395244900322,
356.91388171469885,
356.98959224419775,
357.06665336822596,
357.14506232813164,
357.2248163170128,
357.3059124798177,
357.3883479134472,
357.4721196668588,
357.5572247411719,
357.6436600897754,
357.7314226184369,
357.82050918541313,
357.9109166015627,
358.00264163045995,
358.0956809885114,
358.1900313450725,
358.2856893225676,
358.38265149661015,
358.4809143961262,
358.5804745034777,
358.6813282545892,
358.78347203907447,
358.8869022003672,
358.9916150358504,
359.09760679699,
359.2048736894685,
359.313411873321,
359.42321746307255,
359.5342865278775,
359.64661509165967,
359.76019913325536,
359.8750345865569,
359.9911173406583,
360.10844324000254,
360.22700808452976,
360.3468076298285,
360.46783758728714,
360.5900936242473,
360.71357136415907,
360.83826638673816,
360.9641742281233,
361.0912903810365,
361.2196102949447,
361.34912937622175,
361.479842988314,
361.61174645190533,
361.7448350450852,
361.8791040035177,
362.01454852061136,
362.1511637476924,
362.2889447941775,
362.42788672774896,
362.56798457453135,
362.70923331926986,
362.8516279055092,
362.9951632357754,
363.13983417175757,
363.28563553449214,
363.4325621045484,
363.5806086222152,
363.7297697876893,
363.88004026126475,
364.0314146635245,
364.18388757553316,
364.33745353903,
364.4921070566254,
364.6478425919971,
364.8046545700887,
364.96253737730865,
365.12148536173197,
365.2814928333022,
365.4425540640349,
365.60466328822304,
365.76781470264336,
365.93200246676395,
366.09722070295334,
366.2634634966911,
366.43072489677945,
366.5989989155563,
366.76827952910946,
366.93856067749255,
367.1098362649419,
367.2821001600946,
367.4553461962081,
367.6295681713807,
367.8047598487741,
367.9809149568364,
368.15802718952636,
368.33609020653955,
368.515097633535,
368.69504306236365,
368.8759200512976,
369.05772212526085,
369.24044277606083,
369.42407546262154,
369.6086136112177,
369.7940506157104,
369.98037983778295,
370.1675946071789,
370.3556882219409,
370.5446539486503,
370.73448502266865,
370.9251746483793,
371.1167159994312,
371.30910221898307,
371.5023264199484,
371.69638168524307,
371.8912610680318,
372.0869575919777,
372.2834642514914,
372.48077401198236,
372.6788798101103,
372.8777745540382,
373.0774511236863,
373.2779023709868,
373.47912112013955,
373.6811001678698,
373.8838322836848,
374.08731021013364,
374.29152666306663,
374.49647433189637,
374.7021458798587,
374.9085339442764,
375.115631136822,
375.3234300437824,
375.5319232263246,
375.7411032207615,
375.95096253881957,
376.1614936679066,
376.3726890713808,
376.58454118882037,
376.79704243629453,
377.0101852066347,
377.2239618697067,
377.4383647726846,
377.6533862403237,
377.86901857523617,
378.0852540581658,
378.30208494826513,
378.519503483372,
378.7375018802875,
378.95607233505507,
379.17520702323895,
379.3948981002053,
379.6151377014023,
379.835917942642,
380.0572309203825,
380.2790687120108,
380.5014233761266,
380.72428695282633,
380.94765146398845,
381.1715089135588,
381.39585128783676,
381.62067055576233,
381.8459586692036,
382.0717075632448,
382.29790915647516,
382.52455535127785,
382.7516380341201,
382.9791490758439,
383.2070803319566,
383.4354236429224,
383.66417083445504,
383.89331371780986,
384.12284409007714,
384.35275373447575,
384.5830344206472,
384.8136779049506,
385.0446759307574,
385.2760202287469,
385.5077025172029,
385.7397145023092,
385.9720478784476,
386.20469432849416,
386.4376455241178,
386.670893126078,
386.90442878452336,
387.1382441392906,
387.37233082020373,
387.60668044737395,
387.8412846314993,
388.07613497416526,
388.31122306814495,
