
DETcontrolabsorptions = [
    1    1    1    1    1    1    1    1    1    1  8.21790E+18 0.00223 
];

