
DETcontrolabsorptions = [
    1    1    1    1    1    1    1    1    1    1  7.59617E+18 0.00232 
];

