
DETcontrolabsorptions = [
    1    1    1    1    1    1    1    1    1    1  7.35245E+18 0.00204 
];

