
DETcontrolabsorptions = [
    1    1    1    1    1    1    1    1    1    1  1.26982E+19 0.00075 
];

