
DETcontrolabsorptions = [
    1    1    1    1    1    1    1    1    1    1  1.01472E+19 0.00061 
];

