
DETcontrolabsorptions = [
    1    1    1    1    1    1    1    1    1    1  1.16460E+19 0.00032 
];

