
DETbatch1 = [
    1    1    1    1    1    1    1    1    1    1  3.07673E+19 0.00216 
    2    1    2    1    1    1    1    1    1    1  1.80708E+20 0.00130 
    3    1    3    1    1    1    1    1    1    1  5.75447E+20 0.00099 
    4    1    4    1    1    1    1    1    1    1  1.03796E+21 0.00090 
    5    1    5    1    1    1    1    1    1    1  1.12263E+21 0.00084 
    6    1    6    1    1    1    1    1    1    1  7.40651E+20 0.00076 
    7    1    7    1    1    1    1    1    1    1  2.85804E+20 0.00119 
    8    1    8    1    1    1    1    1    1    1  6.36438E+19 0.00177 
    9    1    9    1    1    1    1    1    1    1  8.76110E+18 0.00334 
];


DETbatch2 = [
    1    1    1    1    1    1    1    1    1    1  3.66305E+19 0.00182 
    2    1    2    1    1    1    1    1    1    1  2.22592E+20 0.00116 
    3    1    3    1    1    1    1    1    1    1  6.87273E+20 0.00080 
    4    1    4    1    1    1    1    1    1    1  1.15989E+21 0.00063 
    5    1    5    1    1    1    1    1    1    1  1.23770E+21 0.00052 
    6    1    6    1    1    1    1    1    1    1  8.62047E+20 0.00074 
    7    1    7    1    1    1    1    1    1    1  3.49452E+20 0.00108 
    8    1    8    1    1    1    1    1    1    1  7.63315E+19 0.00156 
    9    1    9    1    1    1    1    1    1    1  9.74956E+18 0.00267 
];


DETbatch3 = [
    1    1    1    1    1    1    1    1    1    1  3.16911E+19 0.00170 
    2    1    2    1    1    1    1    1    1    1  1.90872E+20 0.00134 
    3    1    3    1    1    1    1    1    1    1  5.63874E+20 0.00082 
    4    1    4    1    1    1    1    1    1    1  9.07656E+20 0.00059 
    5    1    5    1    1    1    1    1    1    1  9.61254E+20 0.00057 
    6    1    6    1    1    1    1    1    1    1  6.93818E+20 0.00078 
    7    1    7    1    1    1    1    1    1    1  2.94911E+20 0.00116 
    8    1    8    1    1    1    1    1    1    1  6.56969E+19 0.00174 
    9    1    9    1    1    1    1    1    1    1  8.29940E+18 0.00342 
];


DETbatch4 = [
    1    1    1    1    1    1    1    1    1    1  2.58913E+19 0.00202 
    2    1    2    1    1    1    1    1    1    1  1.49991E+20 0.00143 
    3    1    3    1    1    1    1    1    1    1  4.45035E+20 0.00093 
    4    1    4    1    1    1    1    1    1    1  7.33499E+20 0.00066 
    5    1    5    1    1    1    1    1    1    1  7.80018E+20 0.00072 
    6    1    6    1    1    1    1    1    1    1  5.52117E+20 0.00088 
    7    1    7    1    1    1    1    1    1    1  2.30827E+20 0.00129 
    8    1    8    1    1    1    1    1    1    1  5.27771E+19 0.00168 
    9    1    9    1    1    1    1    1    1    1  7.08260E+18 0.00291 
];


DETbatch5 = [
    1    1    1    1    1    1    1    1    1    1  1.60730E+19 0.00213 
    2    1    2    1    1    1    1    1    1    1  8.69293E+19 0.00141 
    3    1    3    1    1    1    1    1    1    1  2.49905E+20 0.00097 
    4    1    4    1    1    1    1    1    1    1  4.15293E+20 0.00069 
    5    1    5    1    1    1    1    1    1    1  4.43696E+20 0.00074 
    6    1    6    1    1    1    1    1    1    1  3.11632E+20 0.00098 
    7    1    7    1    1    1    1    1    1    1  1.32312E+20 0.00128 
    8    1    8    1    1    1    1    1    1    1  3.22106E+19 0.00174 
    9    1    9    1    1    1    1    1    1    1  4.72415E+18 0.00323 
];


DETbatch6 = [
    1    1    1    1    1    1    1    1    1    1  9.59550E+18 0.00223 
    2    1    2    1    1    1    1    1    1    1  4.86775E+19 0.00137 
    3    1    3    1    1    1    1    1    1    1  1.35133E+20 0.00103 
    4    1    4    1    1    1    1    1    1    1  2.22941E+20 0.00074 
    5    1    5    1    1    1    1    1    1    1  2.38518E+20 0.00075 
    6    1    6    1    1    1    1    1    1    1  1.68101E+20 0.00104 
    7    1    7    1    1    1    1    1    1    1  7.32296E+19 0.00140 
    8    1    8    1    1    1    1    1    1    1  1.88454E+19 0.00161 
    9    1    9    1    1    1    1    1    1    1  3.03045E+18 0.00353 
];


DETbatch7 = [
    1    1    1    1    1    1    1    1    1    1  6.04032E+18 0.00307 
    2    1    2    1    1    1    1    1    1    1  2.86762E+19 0.00158 
    3    1    3    1    1    1    1    1    1    1  7.67095E+19 0.00111 
    4    1    4    1    1    1    1    1    1    1  1.25473E+20 0.00089 
    5    1    5    1    1    1    1    1    1    1  1.34283E+20 0.00076 
    6    1    6    1    1    1    1    1    1    1  9.53166E+19 0.00112 
    7    1    7    1    1    1    1    1    1    1  4.26703E+19 0.00137 
    8    1    8    1    1    1    1    1    1    1  1.16508E+19 0.00205 
    9    1    9    1    1    1    1    1    1    1  2.03752E+18 0.00508 
];

