
DETcontrolabsorptions = [
    1    1    1    1    1    1    1    1    1    1  8.18277E+18 0.00222 
];

