
DETcontrolabsorptions = [
    1    1    1    1    1    1    1    1    1    1  8.05701E+18 0.00258 
];

