
DETcontrolabsorptions = [
    1    1    1    1    1    1    1    1    1    1  1.19843E+19 0.00059 
];

