
DETcontrolabsorptions = [
    1    1    1    1    1    1    1    1    1    1  1.10044E+19 0.00054 
];

