
DETcontrolabsorptions = [
    1    1    1    1    1    1    1    1    1    1  9.72218E+18 0.00045 
];

