
DETcontrolabsorptions = [
    1    1    1    1    1    1    1    1    1    1  9.05896E+18 0.00107 
];

