
DETcontrolabsorptions = [
    1    1    1    1    1    1    1    1    1    1  1.10099E+19 0.00026 
];

