z = [
-1.5,
-1.494,
-1.488,
-1.482,
-1.476,
-1.47,
-1.464,
-1.458,
-1.452,
-1.446,
-1.44,
-1.434,
-1.428,
-1.422,
-1.416,
-1.41,
-1.404,
-1.398,
-1.392,
-1.386,
-1.38,
-1.374,
-1.368,
-1.362,
-1.356,
-1.35,
-1.344,
-1.338,
-1.332,
-1.326,
-1.32,
-1.314,
-1.308,
-1.302,
-1.296,
-1.29,
-1.284,
-1.278,
-1.272,
-1.266,
-1.26,
-1.254,
-1.248,
-1.242,
-1.236,
-1.23,
-1.224,
-1.218,
-1.212,
-1.206,
-1.2,
-1.194,
-1.188,
-1.182,
-1.176,
-1.17,
-1.164,
-1.158,
-1.152,
-1.146,
-1.14,
-1.134,
-1.128,
-1.122,
-1.116,
-1.11,
-1.104,
-1.098,
-1.092,
-1.086,
-1.08,
-1.074,
-1.068,
-1.062,
-1.056,
-1.05,
-1.044,
-1.038,
-1.032,
-1.026,
-1.02,
-1.014,
-1.008,
-1.002,
-0.996,
-0.99,
-0.984,
-0.978,
-0.972,
-0.966,
-0.96,
-0.954,
-0.948,
-0.942,
-0.936,
-0.93,
-0.924,
-0.918,
-0.912,
-0.906,
-0.9,
-0.894,
-0.888,
-0.882,
-0.876,
-0.87,
-0.864,
-0.858,
-0.852,
-0.846,
-0.84,
-0.834,
-0.828,
-0.822,
-0.816,
-0.81,
-0.804,
-0.798,
-0.792,
-0.786,
-0.78,
-0.774,
-0.768,
-0.762,
-0.756,
-0.75,
-0.744,
-0.738,
-0.732,
-0.726,
-0.72,
-0.714,
-0.708,
-0.702,
-0.696,
-0.69,
-0.684,
-0.678,
-0.672,
-0.666,
-0.66,
-0.654,
-0.648,
-0.642,
-0.636,
-0.63,
-0.624,
-0.618,
-0.612,
-0.606,
-0.6,
-0.594,
-0.588,
-0.582,
-0.576,
-0.57,
-0.564,
-0.558,
-0.552,
-0.546,
-0.54,
-0.534,
-0.528,
-0.522,
-0.516,
-0.51,
-0.504,
-0.498,
-0.492,
-0.486,
-0.48,
-0.474,
-0.468,
-0.462,
-0.456,
-0.45,
-0.444,
-0.438,
-0.432,
-0.426,
-0.42,
-0.414,
-0.408,
-0.402,
-0.396,
-0.39,
-0.384,
-0.378,
-0.372,
-0.366,
-0.36,
-0.354,
-0.348,
-0.342,
-0.336,
-0.33,
-0.324,
-0.318,
-0.312,
-0.306,
-0.3,
-0.294,
-0.288,
-0.282,
-0.276,
-0.27,
-0.264,
-0.258,
-0.252,
-0.246,
-0.24,
-0.234,
-0.228,
-0.222,
-0.216,
-0.21,
-0.204,
-0.198,
-0.192,
-0.186,
-0.18,
-0.174,
-0.168,
-0.162,
-0.156,
-0.15,
-0.144,
-0.138,
-0.132,
-0.126,
-0.12,
-0.114,
-0.108,
-0.102,
-0.096,
-0.09,
-0.084,
-0.078,
-0.072,
-0.066,
-0.06,
-0.054,
-0.048,
-0.042,
-0.036,
-0.03,
-0.024,
-0.018,
-0.012,
-0.006,
0.0,
0.006,
0.012,
0.018,
0.024,
0.03,
0.036,
0.042,
0.048,
0.054,
0.06,
0.066,
0.072,
0.078,
0.084,
0.09,
0.096,
0.102,
0.108,
0.114,
0.12,
0.126,
0.132,
0.138,
0.144,
0.15,
0.156,
0.162,
0.168,
0.174,
0.18,
0.186,
0.192,
0.198,
0.204,
0.21,
0.216,
0.222,
0.228,
0.234,
0.24,
0.246,
0.252,
0.258,
0.264,
0.27,
0.276,
0.282,
0.288,
0.294,
0.3,
0.306,
0.312,
0.318,
0.324,
0.33,
0.336,
0.342,
0.348,
0.354,
0.36,
0.366,
0.372,
0.378,
0.384,
0.39,
0.396,
0.402,
0.408,
0.414,
0.42,
0.426,
0.432,
0.438,
0.444,
0.45,
0.456,
0.462,
0.468,
0.474,
0.48,
0.486,
0.492,
0.498,
0.504,
0.51,
0.516,
0.522,
0.528,
0.534,
0.54,
0.546,
0.552,
0.558,
0.564,
0.57,
0.576,
0.582,
0.588,
0.594,
0.6,
0.606,
0.612,
0.618,
0.624,
0.63,
0.636,
0.642,
0.648,
0.654,
0.66,
0.666,
0.672,
0.678,
0.684,
0.69,
0.696,
0.702,
0.708,
0.714,
0.72,
0.726,
0.732,
0.738,
0.744,
0.75,
0.756,
0.762,
0.768,
0.774,
0.78,
0.786,
0.792,
0.798,
0.804,
0.81,
0.816,
0.822,
0.828,
0.834,
0.84,
0.846,
0.852,
0.858,
0.864,
0.87,
0.876,
0.882,
0.888,
0.894,
0.9,
0.906,
0.912,
0.918,
0.924,
0.93,
0.936,
0.942,
0.948,
0.954,
0.96,
0.966,
0.972,
0.978,
0.984,
0.99,
0.996,
1.002,
1.008,
1.014,
1.02,
1.026,
1.032,
1.038,
1.044,
1.05,
1.056,
1.062,
1.068,
1.074,
1.08,
1.086,
1.092,
1.098,
1.104,
1.11,
1.116,
1.122,
1.128,
1.134,
1.14,
1.146,
1.152,
1.158,
1.164,
1.17,
1.176,
1.182,
1.188,
1.194,
1.2,
1.206,
1.212,
1.218,
1.224,
1.23,
1.236,
1.242,
1.248,
1.254,
1.26,
1.266,
1.272,
1.278,
1.284,
1.29,
1.296,
1.302,
1.308,
1.314,
1.32,
1.326,
1.332,
1.338,
1.344,
1.35,
1.356,
1.362,
1.368,
1.374,
1.38,
1.386,
1.392,
1.398,
1.404,
1.41,
1.416,
1.422,
1.428,
1.434,
1.44,
1.446,
1.452,
1.458,
1.464,
1.47,
1.476,
1.482,
1.488,
1.494,
1.5,];
cot = [
356.14442807482635,
356.2778702111017,
356.41451388556186,
356.55435476111245,
356.6973883852073,
356.84361018993934,
356.9930154921369,
357.1455994934621,
357.3013572805164,
357.4602838249475,
357.6223739835626,
357.787622498445,
357.95602399707445,
358.12757299245357,
358.3022638832359,
358.48009095386044,
358.66104837469004,
358.8451302021525,
359.0323303788879,
359.2226427338991,
359.4160609827069,
359.61257872750923,
359.81218945734474,
360.0148865482605,
360.2206632634843,
360.4295127536011,
360.64142805673293,
360.8564020987252,
361.074427693334,
361.29549754242134,
361.51960423615174,
361.7467402531945,
361.9768979609296,
362.2100696156592,
362.4462473628213,
362.6854232372092,
362.9275891631945,
363.17273695495567,
363.42085831670806,
363.671944842942,
363.9259880186613,
364.18297921962903,
364.4429097126156,
364.7057706556525,
364.9715530982887,
365.24024798185326,
365.51184613971986,
365.78633829757837,
366.0637150737076,
366.3439669792547,
366.6270844185175,
366.9130576892313,
367.20187698286077,
367.49353238489414,
367.78801387514375,
368.08531132804944,
368.38541451298613,
368.688313094577,
368.99399663300846,
369.30245458435195,
369.6136763008881,
369.9276510314354,
370.24436792168353,
370.5638160145304,
370.88598425042414,
371.2108614677078,
371.53843640296907,
371.8686976913948,
372.2016338671283,
372.5372333636318,
372.8754845140519,
373.2163755515908,
373.5598946098801,
373.9060297233592,
374.2547688276586,
374.60609975998534,
374.9600102595149,
375.3164879677852,
375.67552042909597,
376.03709509091084,
376.4011993042652,
376.7678203241767,
377.13694531006,
377.50856132614604,
377.882655341905,
378.2592142324729,
378.6382247790833,
379.01967366950123,
379.4035474984631,
379.7898327681186,
380.17851588847793,
380.56958317786257,
380.9630208633596,
381.3588150812807,
381.7569518776237,
382.15741720853987,
382.5601969408035,
382.96527685228625,
383.3726426324347,
383.7822798827523,
384.1941741172851,
384.6083107631106,
385.0246751608314,
385.44325256507216,
385.8640281449798,
386.2869869847286,
386.71211408402837,
387.13939435863597,
387.56881264087133,
388.000353680137,
388.43400214344115,
388.8697426159241,
389.307559601389,
389.7474375228363,
390.1893607230005,
390.63331346489235,
391.07927993234387,
391.5272442305561,
391.9771903866522,
392.42910235023237,
392.88296399393346,
393.3387591139917,
393.796471430809,
394.2560845895225,
394.7175821605782,
395.1809476403073,
395.6461644515066,
396.1132159440218,
396.58208539533496,
397.05275601115443,
397.525210926009,
397.9994332038443,
398.4754058386245,
398.95311175493487,
399.4325338085895,
399.9136547872415,
400.39645741099685,
400.88092433303075,
401.36703814020825,
401.8547813537076,
402.34413642964614,
402.83508575971064,
403.32761167178955,
403.8216964306097,
404.31732223837435,
404.81447123540636,
405.3131255007926,
405.8132670530325,
406.31487785068975,
406.81793979304564,
407.3224347207573,
407.8283444165172,
408.3356506057164,
408.84433495711164,
409.35437908349263,
409.865764542355,
410.37847283657504,
410.89248541508664,
411.407783673562,
411.9243489550944,
412.44216255088486,
412.96120570092955,
413.48145959471185,
414.0029053718962,
414.52552412302487,
415.04929689021674,
415.5742046678698,
416.10022840336524,
416.6273489977747,
417.1555473065695,
417.684804140333,
418.2151002654755,
418.7464164049504,
419.2787332389747,
419.81203140574974,
420.34629150218643,
420.8814940846314,
421.417619669596,
421.95464873448736,
422.49256171834224,
423.03133902256275,
423.5709610116538,
424.111408013964,
424.65266032242755,
425.19469819530866,
425.73750185694837,
426.28105149851274,
426.8253272787447,
427.37030932471487,
427.91597773257797,
428.4623125683288,
429.0092938685607,
429.5569016412262,
430.10511586639984,
430.65391649704145,
431.20328345976293,
431.75319665559573,
432.30363596076086,
432.85458122743944,
433.40601228454614,
433.9579089385037,
434.5102509740195,
435.06301815486256,
435.616190224644,
436.1697469075972,
436.72366790936087,
437.2779329177621,
437.8325216036027,
438.38741362144515,
438.9425886104011,
439.49802619492107,
440.0537059855841,
440.6096075798913,
441.1657105630579,
441.7219945088083,
442.2784389801715,
442.83502353027745,
443.3917277031559,
443.94853103453465,
444.5054130526389,
445.0623532789933,
445.6193312292237,
446.17632641385876,
446.73331833913517,
