z = [
-1.5,
-1.494,
-1.488,
-1.482,
-1.476,
-1.47,
-1.464,
-1.458,
-1.452,
-1.446,
-1.44,
-1.434,
-1.428,
-1.422,
-1.416,
-1.41,
-1.404,
-1.398,
-1.392,
-1.386,
-1.38,
-1.374,
-1.368,
-1.362,
-1.356,
-1.35,
-1.344,
-1.338,
-1.332,
-1.326,
-1.32,
-1.314,
-1.308,
-1.302,
-1.296,
-1.29,
-1.284,
-1.278,
-1.272,
-1.266,
-1.26,
-1.254,
-1.248,
-1.242,
-1.236,
-1.23,
-1.224,
-1.218,
-1.212,
-1.206,
-1.2,
-1.194,
-1.188,
-1.182,
-1.176,
-1.17,
-1.164,
-1.158,
-1.152,
-1.146,
-1.14,
-1.134,
-1.128,
-1.122,
-1.116,
-1.11,
-1.104,
-1.098,
-1.092,
-1.086,
-1.08,
-1.074,
-1.068,
-1.062,
-1.056,
-1.05,
-1.044,
-1.038,
-1.032,
-1.026,
-1.02,
-1.014,
-1.008,
-1.002,
-0.996,
-0.99,
-0.984,
-0.978,
-0.972,
-0.966,
-0.96,
-0.954,
-0.948,
-0.942,
-0.936,
-0.93,
-0.924,
-0.918,
-0.912,
-0.906,
-0.9,
-0.894,
-0.888,
-0.882,
-0.876,
-0.87,
-0.864,
-0.858,
-0.852,
-0.846,
-0.84,
-0.834,
-0.828,
-0.822,
-0.816,
-0.81,
-0.804,
-0.798,
-0.792,
-0.786,
-0.78,
-0.774,
-0.768,
-0.762,
-0.756,
-0.75,
-0.744,
-0.738,
-0.732,
-0.726,
-0.72,
-0.714,
-0.708,
-0.702,
-0.696,
-0.69,
-0.684,
-0.678,
-0.672,
-0.666,
-0.66,
-0.654,
-0.648,
-0.642,
-0.636,
-0.63,
-0.624,
-0.618,
-0.612,
-0.606,
-0.6,
-0.594,
-0.588,
-0.582,
-0.576,
-0.57,
-0.564,
-0.558,
-0.552,
-0.546,
-0.54,
-0.534,
-0.528,
-0.522,
-0.516,
-0.51,
-0.504,
-0.498,
-0.492,
-0.486,
-0.48,
-0.474,
-0.468,
-0.462,
-0.456,
-0.45,
-0.444,
-0.438,
-0.432,
-0.426,
-0.42,
-0.414,
-0.408,
-0.402,
-0.396,
-0.39,
-0.384,
-0.378,
-0.372,
-0.366,
-0.36,
-0.354,
-0.348,
-0.342,
-0.336,
-0.33,
-0.324,
-0.318,
-0.312,
-0.306,
-0.3,
-0.294,
-0.288,
-0.282,
-0.276,
-0.27,
-0.264,
-0.258,
-0.252,
-0.246,
-0.24,
-0.234,
-0.228,
-0.222,
-0.216,
-0.21,
-0.204,
-0.198,
-0.192,
-0.186,
-0.18,
-0.174,
-0.168,
-0.162,
-0.156,
-0.15,
-0.144,
-0.138,
-0.132,
-0.126,
-0.12,
-0.114,
-0.108,
-0.102,
-0.096,
-0.09,
-0.084,
-0.078,
-0.072,
-0.066,
-0.06,
-0.054,
-0.048,
-0.042,
-0.036,
-0.03,
-0.024,
-0.018,
-0.012,
-0.006,
0.0,
0.006,
0.012,
0.018,
0.024,
0.03,
0.036,
0.042,
0.048,
0.054,
0.06,
0.066,
0.072,
0.078,
0.084,
0.09,
0.096,
0.102,
0.108,
0.114,
0.12,
0.126,
0.132,
0.138,
0.144,
0.15,
0.156,
0.162,
0.168,
0.174,
0.18,
0.186,
0.192,
0.198,
0.204,
0.21,
0.216,
0.222,
0.228,
0.234,
0.24,
0.246,
0.252,
0.258,
0.264,
0.27,
0.276,
0.282,
0.288,
0.294,
0.3,
0.306,
0.312,
0.318,
0.324,
0.33,
0.336,
0.342,
0.348,
0.354,
0.36,
0.366,
0.372,
0.378,
0.384,
0.39,
0.396,
0.402,
0.408,
0.414,
0.42,
0.426,
0.432,
0.438,
0.444,
0.45,
0.456,
0.462,
0.468,
0.474,
0.48,
0.486,
0.492,
0.498,
0.504,
0.51,
0.516,
0.522,
0.528,
0.534,
0.54,
0.546,
0.552,
0.558,
0.564,
0.57,
0.576,
0.582,
0.588,
0.594,
0.6,
0.606,
0.612,
0.618,
0.624,
0.63,
0.636,
0.642,
0.648,
0.654,
0.66,
0.666,
0.672,
0.678,
0.684,
0.69,
0.696,
0.702,
0.708,
0.714,
0.72,
0.726,
0.732,
0.738,
0.744,
0.75,
0.756,
0.762,
0.768,
0.774,
0.78,
0.786,
0.792,
0.798,
0.804,
0.81,
0.816,
0.822,
0.828,
0.834,
0.84,
0.846,
0.852,
0.858,
0.864,
0.87,
0.876,
0.882,
0.888,
0.894,
0.9,
0.906,
0.912,
0.918,
0.924,
0.93,
0.936,
0.942,
0.948,
0.954,
0.96,
0.966,
0.972,
0.978,
0.984,
0.99,
0.996,
1.002,
1.008,
1.014,
1.02,
1.026,
1.032,
1.038,
1.044,
1.05,
1.056,
1.062,
1.068,
1.074,
1.08,
1.086,
1.092,
1.098,
1.104,
1.11,
1.116,
1.122,
1.128,
1.134,
1.14,
1.146,
1.152,
1.158,
1.164,
1.17,
1.176,
1.182,
1.188,
1.194,
1.2,
1.206,
1.212,
1.218,
1.224,
1.23,
1.236,
1.242,
1.248,
1.254,
1.26,
1.266,
1.272,
1.278,
1.284,
1.29,
1.296,
1.302,
1.308,
1.314,
1.32,
1.326,
1.332,
1.338,
1.344,
1.35,
1.356,
1.362,
1.368,
1.374,
1.38,
1.386,
1.392,
1.398,
1.404,
1.41,
1.416,
1.422,
1.428,
1.434,
1.44,
1.446,
1.452,
1.458,
1.464,
1.47,
1.476,
1.482,
1.488,
1.494,
1.5,];
czc = [
355.0,
355.0312939028521,
355.06498298303563,
355.10106603454096,
355.1395417656589,
355.18040879902617,
355.22366567167535,
355.269310835087,
355.31734265524506,
355.36775941269536,
355.4205593026072,
355.4757404348379,
355.53330083400067,
355.59323843953507,
355.6555511057808,
355.7202366020548,
355.78729261273077,
355.856716737322,
355.928506490568,
356.0026593025225,
356.07917251864603,
356.158043399901,
356.2392691228491,
356.3228467797536,
356.4087733786821,
356.4970458436145,
356.5876610145526,
356.6806156476338,
356.7759064152467,
356.87352990615045,
356.97348262559694,
357.07576099545554,
357.1803613543416,
357.2872799577476,
357.3965129781766,
357.5080565052797,
357.62190654599624,
357.738059024696,
357.85650978332603,
357.97725458155867,
358.1002890969439,
358.22560892506374,
358.3532095796901,
358.4830864929455,
358.61523501546617,
358.7496504165688,
358.8863278844201,
359.0252625262084,
359.1664493683196,
359.30988335651455,
359.45555935611014,
359.6034721521636,
359.75361644965847,
359.9059868736947,
360.0605779696808,
360.2173842035289,
360.3763999618535,
360.5376195521719,
360.70103720310806,
360.8666470645991,
361.03444320810524,
361.2044196268214,
361.3765702358927,
361.55088887263196,
361.72736929674045,
361.90600519053123,
362.0867901591556,
362.26971773083153,
362.4547813570757,
362.64197441293777,
362.83129019723765,
363.0227219328053,
363.2162627667234,
363.4119057705724,
363.60964394067935,
363.8094701983674,
364.0113773902103,
364.2153582882879,
364.4214055904449,
364.6295119205528,
364.839669828773,
365.0518717918244,
365.2661102132523,
365.4823774237003,
365.7006656811851,
365.92096717137326,
366.14327400786135,
366.3675782324581,
366.593871815469,
366.8221466559846,
367.0523945821693,
367.284607351555,
367.51877665133543,
367.75489409866407,
367.9929512409542,
368.23293955618135,
368.47485045318854,
368.7186752719939,
368.9644052841003,
369.2120316928082,
369.46154563353036,
369.71293817410947,
369.96620031513726,
370.22132299027726,
370.47829706658933,
370.7371133448563,
370.9977625599133,
371.2602353809799,
371.5245224119934,
371.790614191946,
372.0585011952228,
372.3281738319431,
372.5996224483039,
372.8728373269249,
373.1478086871972,
373.4245266856326,
373.7029814162164,
373.9831629107622,
374.26506113926814,
374.54866601027675,
374.8339673712353,
375.12095500886016,
375.4096186495018,
375.69994795951254,
375.99193254561703,
376.2855619552838,
376.5808256770996,
376.8777131411457,
377.1762137193764,
377.47631672599914,
377.77801141785744,
378.0812869948152,
378.3861326001436,
378.6925373209092,
379.0004901883656,
379.30998017834474,
379.62099621165305,
379.9335271544667,
380.2475618187311,
380.5630889625612,
380.88009729064333,
381.1985754546406,
381.5185120535982,
381.83989563435216,
382.1627146919391,
382.4869576700079,
382.81261296123387,
383.13966890773384,
383.4681138014839,
383.79793588473785,
384.12912335044894,
384.4616643426921,
384.79554695708805,
385.1307592412303,
385.46728919511224,
385.80512477155696,
386.1442538766489,
386.48466437016623,
386.8263440660155,
387.16928073266854,
387.5134620935994,
387.85887582772455,
388.20550956984357,
388.5533509110819,
388.9023873993351,
389.25260653971475,
389.60399579499517,
389.95654258606305,
390.310234292367,
390.66505825237016,
391.02100176400245,
391.3780520851161,
391.7361964339416,
392.095421989545,
392.45571589228723,
392.817065244284,
393.17945710986817,
393.54287851605216,
393.90731645299286,
394.27275787445706,
394.63918969828865,
395.0065988068767,
395.3749720476253,
395.7442962334246,
396.11455814312205,
396.4857445219968,
396.8578420822332,
397.2308375033972,
397.6047174329127,
397.97946848654,
398.3550772488545,
398.73153027372734,
399.10881408480634,
399.4869151759988,
399.8658200119547,
400.2455150285516,
400.62598663337974,
401.007221206229,
401.38920509957654,
401.77192463907477,
402.1553661240415,
402.53951582795025,
402.9243599989213,
403.30988486021465,
403.69607661072234,
404.08292142546304,
404.4704054560773,
404.8585148313223,
405.2472356575694,
405.6365540193009,
406.0264559796084,
406.4169275806918,
406.8079548443586,
407.199523772525,
407.59162034771634,
407.9842305335691,
408.37734027533327,
408.7709355003759,
409.1650021186846,
409.55952602337163,
409.9544930911794,
410.3498891829861,
410.7457001443112,
411.1419118058227,
411.5385099838444,
