z = [
-1.5,
-1.494,
-1.488,
-1.482,
-1.476,
-1.47,
-1.464,
-1.458,
-1.452,
-1.446,
-1.44,
-1.434,
-1.428,
-1.422,
-1.416,
-1.41,
-1.404,
-1.398,
-1.392,
-1.386,
-1.38,
-1.374,
-1.368,
-1.362,
-1.356,
-1.35,
-1.344,
-1.338,
-1.332,
-1.326,
-1.32,
-1.314,
-1.308,
-1.302,
-1.296,
-1.29,
-1.284,
-1.278,
-1.272,
-1.266,
-1.26,
-1.254,
-1.248,
-1.242,
-1.236,
-1.23,
-1.224,
-1.218,
-1.212,
-1.206,
-1.2,
-1.194,
-1.188,
-1.182,
-1.176,
-1.17,
-1.164,
-1.158,
-1.152,
-1.146,
-1.14,
-1.134,
-1.128,
-1.122,
-1.116,
-1.11,
-1.104,
-1.098,
-1.092,
-1.086,
-1.08,
-1.074,
-1.068,
-1.062,
-1.056,
-1.05,
-1.044,
-1.038,
-1.032,
-1.026,
-1.02,
-1.014,
-1.008,
-1.002,
-0.996,
-0.99,
-0.984,
-0.978,
-0.972,
-0.966,
-0.96,
-0.954,
-0.948,
-0.942,
-0.936,
-0.93,
-0.924,
-0.918,
-0.912,
-0.906,
-0.9,
-0.894,
-0.888,
-0.882,
-0.876,
-0.87,
-0.864,
-0.858,
-0.852,
-0.846,
-0.84,
-0.834,
-0.828,
-0.822,
-0.816,
-0.81,
-0.804,
-0.798,
-0.792,
-0.786,
-0.78,
-0.774,
-0.768,
-0.762,
-0.756,
-0.75,
-0.744,
-0.738,
-0.732,
-0.726,
-0.72,
-0.714,
-0.708,
-0.702,
-0.696,
-0.69,
-0.684,
-0.678,
-0.672,
-0.666,
-0.66,
-0.654,
-0.648,
-0.642,
-0.636,
-0.63,
-0.624,
-0.618,
-0.612,
-0.606,
-0.6,
-0.594,
-0.588,
-0.582,
-0.576,
-0.57,
-0.564,
-0.558,
-0.552,
-0.546,
-0.54,
-0.534,
-0.528,
-0.522,
-0.516,
-0.51,
-0.504,
-0.498,
-0.492,
-0.486,
-0.48,
-0.474,
-0.468,
-0.462,
-0.456,
-0.45,
-0.444,
-0.438,
-0.432,
-0.426,
-0.42,
-0.414,
-0.408,
-0.402,
-0.396,
-0.39,
-0.384,
-0.378,
-0.372,
-0.366,
-0.36,
-0.354,
-0.348,
-0.342,
-0.336,
-0.33,
-0.324,
-0.318,
-0.312,
-0.306,
-0.3,
-0.294,
-0.288,
-0.282,
-0.276,
-0.27,
-0.264,
-0.258,
-0.252,
-0.246,
-0.24,
-0.234,
-0.228,
-0.222,
-0.216,
-0.21,
-0.204,
-0.198,
-0.192,
-0.186,
-0.18,
-0.174,
-0.168,
-0.162,
-0.156,
-0.15,
-0.144,
-0.138,
-0.132,
-0.126,
-0.12,
-0.114,
-0.108,
-0.102,
-0.096,
-0.09,
-0.084,
-0.078,
-0.072,
-0.066,
-0.06,
-0.054,
-0.048,
-0.042,
-0.036,
-0.03,
-0.024,
-0.018,
-0.012,
-0.006,
0.0,
0.006,
0.012,
0.018,
0.024,
0.03,
0.036,
0.042,
0.048,
0.054,
0.06,
0.066,
0.072,
0.078,
0.084,
0.09,
0.096,
0.102,
0.108,
0.114,
0.12,
0.126,
0.132,
0.138,
0.144,
0.15,
0.156,
0.162,
0.168,
0.174,
0.18,
0.186,
0.192,
0.198,
0.204,
0.21,
0.216,
0.222,
0.228,
0.234,
0.24,
0.246,
0.252,
0.258,
0.264,
0.27,
0.276,
0.282,
0.288,
0.294,
0.3,
0.306,
0.312,
0.318,
0.324,
0.33,
0.336,
0.342,
0.348,
0.354,
0.36,
0.366,
0.372,
0.378,
0.384,
0.39,
0.396,
0.402,
0.408,
0.414,
0.42,
0.426,
0.432,
0.438,
0.444,
0.45,
0.456,
0.462,
0.468,
0.474,
0.48,
0.486,
0.492,
0.498,
0.504,
0.51,
0.516,
0.522,
0.528,
0.534,
0.54,
0.546,
0.552,
0.558,
0.564,
0.57,
0.576,
0.582,
0.588,
0.594,
0.6,
0.606,
0.612,
0.618,
0.624,
0.63,
0.636,
0.642,
0.648,
0.654,
0.66,
0.666,
0.672,
0.678,
0.684,
0.69,
0.696,
0.702,
0.708,
0.714,
0.72,
0.726,
0.732,
0.738,
0.744,
0.75,
0.756,
0.762,
0.768,
0.774,
0.78,
0.786,
0.792,
0.798,
0.804,
0.81,
0.816,
0.822,
0.828,
0.834,
0.84,
0.846,
0.852,
0.858,
0.864,
0.87,
0.876,
0.882,
0.888,
0.894,
0.9,
0.906,
0.912,
0.918,
0.924,
0.93,
0.936,
0.942,
0.948,
0.954,
0.96,
0.966,
0.972,
0.978,
0.984,
0.99,
0.996,
1.002,
1.008,
1.014,
1.02,
1.026,
1.032,
1.038,
1.044,
1.05,
1.056,
1.062,
1.068,
1.074,
1.08,
1.086,
1.092,
1.098,
1.104,
1.11,
1.116,
1.122,
1.128,
1.134,
1.14,
1.146,
1.152,
1.158,
1.164,
1.17,
1.176,
1.182,
1.188,
1.194,
1.2,
1.206,
1.212,
1.218,
1.224,
1.23,
1.236,
1.242,
1.248,
1.254,
1.26,
1.266,
1.272,
1.278,
1.284,
1.29,
1.296,
1.302,
1.308,
1.314,
1.32,
1.326,
1.332,
1.338,
1.344,
1.35,
1.356,
1.362,
1.368,
1.374,
1.38,
1.386,
1.392,
1.398,
1.404,
1.41,
1.416,
1.422,
1.428,
1.434,
1.44,
1.446,
1.452,
1.458,
1.464,
1.47,
1.476,
1.482,
1.488,
1.494,
1.5,];
cze = [
355.0,
355.01887686077396,
355.0391985214894,
355.06096425466694,
355.0841732811318,
355.10882477004213,
355.1349178389179,
355.1624515536736,
355.19142492865103,
355.2218369266544,
355.25368645898834,
355.2869723854957,
355.32169351459936,
355.3578486033442,
355.39543635744224,
355.43445543131816,
355.4749044281583,
355.51678189996016,
355.5600863475844,
355.6048162208083,
355.65096991838163,
355.6985457880837,
355.7475421267826,
355.79795718049604,
355.84978914445446,
355.9030361631651,
355.95769633047894,
356.01376768965883,
356.0712482334493,
356.1301359041486,
356.1904285936823,
356.2521241436789,
356.3152203455468,
356.37971494055375,
356.44560561990716,
356.5128900248376,
356.58156574668226,
356.65163032697194,
356.72308125751863,
356.79591598050536,
356.87013188857804,
356.9457263249385,
357.0226965834398,
357.10103990868265,
357.1807534961149,
357.261834492131,
357.34427999417494,
357.4280870508435,
357.5132526619925,
357.59977377884366,
357.6876473040942,
357.7768700920275,
357.86743894862536,
357.9593506316834,
358.0526018509257,
358.1471892681237,
358.2431094972154,
358.3403591044263,
358.4389346083925,
358.53883248028535,
358.640049143938,
358.7425809759728,
358.8464243059319,
358.95157541640765,
359.0580305431764,
359.1657858753331,
359.27483755542744,
359.3851816796024,
359.4968142977334,
359.60973141357056,
359.7239289848807,
359.83940292359296,
359.95614909594474,
360.0741633226297,
360.1934413789472,
360.31397899495414,
360.43577185561696,
360.5588156009669,
360.68310582625566,
360.80863808211313,
360.9354078747066,
361.063410665902,
361.1926418734258,
361.3230968710295,
361.4547709886551,
361.58765951260216,
361.72175768569684,
361.85706070746164,
361.99356373428793,
362.1312618796089,
362.27015021407476,
362.4102237657288,
362.5514775201858,
362.69390642081123,
362.8375053689027,
362.98226922387187,
363.1281928034289,
363.2752708837679,
363.423498199754,
363.57286944511156,
363.7233792726141,
363.8750222942765,
364.02779308154686,
364.1816861655012,
364.3366960370396,
364.49281714708286,
364.65004390677166,
364.8083706876663,
364.967791821948,
365.1283016026224,
365.28989428372347,
365.4525640805191,
365.61630516971854,
365.7811116896804,
365.9469777406232,
366.1138973848356,
366.28186464688986,
366.4508735138552,
366.62091793551326,
366.7919918245748,
366.96408905689714,
367.1372034717042,
367.31132887180604,
367.48645902382157,
367.66258765840143,
367.8397084704519,
368.01781511936167,
368.1969012292277,
368.3769603890843,
368.557986153132,
368.73997204096906,
368.92291153782276,
369.1067980947827,
369.29162512903554,
369.4773860241007,
369.66407413006687,
369.8516827638301,
370.0402052093335,
370.229634717807,
370.41996450800946,
370.6111877664713,
370.8032976477382,
370.9962872746165,
371.1901497384189,
371.3848780992124,
371.5804653860664,
371.77690459730195,
371.97418870074307,
372.17231063396787,
372.3712633045619,
372.5710395903716,
372.77163233975944,
372.9730343718601,
373.1752384768371,
373.37823741614136,
373.5820239227702,
373.7865907015272,
373.9919304292838,
374.1980357552411,
374.40489930119315,
374.6125136617911,
374.8208714048085,
375.0299650714064,
375.23978717640205,
375.4503302085351,
375.6615866307378,
375.873548880404,
376.0862093696602,
376.29956048563736,
376.51359459074297,
376.72830402293505,
376.94368109599577,
377.15971809980704,
377.3764073006265,
377.5937409413642,
377.8117112418606,
378.03031039916436,
378.24953058781284,
378.46936396011097,
378.6898026464132,
378.9108387554047,
379.13246437438386,
379.35467156954576,
379.57745238626615,
379.80079884938584,
380.0247029634969,
380.2491567132282,
380.47415206353276,
380.69968095997524,
380.9257353290202,
381.1523070783213,
381.379388097011,
381.6069702559904,
381.8350454082213,
382.06360538901663,
382.29264201633373,
382.5221470910667,
382.75211239733983,
382.98252970280214,
383.21339075892206,
383.44468730128233,
383.6764110498758,
383.90855370940267,
384.1411069695663,
384.3740625053716,
384.6074119774229,
384.84114703222167,
385.07525930246686,
385.3097404073534,
385.5445819528727,
385.77977553211304,
386.01531272556053,
386.25118510140055,
386.48738421581936,
386.7239016133067,
386.9607288269583,
387.19785737877896,
387.43527877998633,
387.67298453131434,
387.91096612331785,
388.14921503667676,
388.387722742502,
388.62648070263936,
388.8654803699767,
