z = [
-1.5,
-1.494,
-1.488,
-1.482,
-1.476,
-1.47,
-1.464,
-1.458,
-1.452,
-1.446,
-1.44,
-1.434,
-1.428,
-1.422,
-1.416,
-1.41,
-1.404,
-1.398,
-1.392,
-1.386,
-1.38,
-1.374,
-1.368,
-1.362,
-1.356,
-1.35,
-1.344,
-1.338,
-1.332,
-1.326,
-1.32,
-1.314,
-1.308,
-1.302,
-1.296,
-1.29,
-1.284,
-1.278,
-1.272,
-1.266,
-1.26,
-1.254,
-1.248,
-1.242,
-1.236,
-1.23,
-1.224,
-1.218,
-1.212,
-1.206,
-1.2,
-1.194,
-1.188,
-1.182,
-1.176,
-1.17,
-1.164,
-1.158,
-1.152,
-1.146,
-1.14,
-1.134,
-1.128,
-1.122,
-1.116,
-1.11,
-1.104,
-1.098,
-1.092,
-1.086,
-1.08,
-1.074,
-1.068,
-1.062,
-1.056,
-1.05,
-1.044,
-1.038,
-1.032,
-1.026,
-1.02,
-1.014,
-1.008,
-1.002,
-0.996,
-0.99,
-0.984,
-0.978,
-0.972,
-0.966,
-0.96,
-0.954,
-0.948,
-0.942,
-0.936,
-0.93,
-0.924,
-0.918,
-0.912,
-0.906,
-0.9,
-0.894,
-0.888,
-0.882,
-0.876,
-0.87,
-0.864,
-0.858,
-0.852,
-0.846,
-0.84,
-0.834,
-0.828,
-0.822,
-0.816,
-0.81,
-0.804,
-0.798,
-0.792,
-0.786,
-0.78,
-0.774,
-0.768,
-0.762,
-0.756,
-0.75,
-0.744,
-0.738,
-0.732,
-0.726,
-0.72,
-0.714,
-0.708,
-0.702,
-0.696,
-0.69,
-0.684,
-0.678,
-0.672,
-0.666,
-0.66,
-0.654,
-0.648,
-0.642,
-0.636,
-0.63,
-0.624,
-0.618,
-0.612,
-0.606,
-0.6,
-0.594,
-0.588,
-0.582,
-0.576,
-0.57,
-0.564,
-0.558,
-0.552,
-0.546,
-0.54,
-0.534,
-0.528,
-0.522,
-0.516,
-0.51,
-0.504,
-0.498,
-0.492,
-0.486,
-0.48,
-0.474,
-0.468,
-0.462,
-0.456,
-0.45,
-0.444,
-0.438,
-0.432,
-0.426,
-0.42,
-0.414,
-0.408,
-0.402,
-0.396,
-0.39,
-0.384,
-0.378,
-0.372,
-0.366,
-0.36,
-0.354,
-0.348,
-0.342,
-0.336,
-0.33,
-0.324,
-0.318,
-0.312,
-0.306,
-0.3,
-0.294,
-0.288,
-0.282,
-0.276,
-0.27,
-0.264,
-0.258,
-0.252,
-0.246,
-0.24,
-0.234,
-0.228,
-0.222,
-0.216,
-0.21,
-0.204,
-0.198,
-0.192,
-0.186,
-0.18,
-0.174,
-0.168,
-0.162,
-0.156,
-0.15,
-0.144,
-0.138,
-0.132,
-0.126,
-0.12,
-0.114,
-0.108,
-0.102,
-0.096,
-0.09,
-0.084,
-0.078,
-0.072,
-0.066,
-0.06,
-0.054,
-0.048,
-0.042,
-0.036,
-0.03,
-0.024,
-0.018,
-0.012,
-0.006,
0.0,
0.006,
0.012,
0.018,
0.024,
0.03,
0.036,
0.042,
0.048,
0.054,
0.06,
0.066,
0.072,
0.078,
0.084,
0.09,
0.096,
0.102,
0.108,
0.114,
0.12,
0.126,
0.132,
0.138,
0.144,
0.15,
0.156,
0.162,
0.168,
0.174,
0.18,
0.186,
0.192,
0.198,
0.204,
0.21,
0.216,
0.222,
0.228,
0.234,
0.24,
0.246,
0.252,
0.258,
0.264,
0.27,
0.276,
0.282,
0.288,
0.294,
0.3,
0.306,
0.312,
0.318,
0.324,
0.33,
0.336,
0.342,
0.348,
0.354,
0.36,
0.366,
0.372,
0.378,
0.384,
0.39,
0.396,
0.402,
0.408,
0.414,
0.42,
0.426,
0.432,
0.438,
0.444,
0.45,
0.456,
0.462,
0.468,
0.474,
0.48,
0.486,
0.492,
0.498,
0.504,
0.51,
0.516,
0.522,
0.528,
0.534,
0.54,
0.546,
0.552,
0.558,
0.564,
0.57,
0.576,
0.582,
0.588,
0.594,
0.6,
0.606,
0.612,
0.618,
0.624,
0.63,
0.636,
0.642,
0.648,
0.654,
0.66,
0.666,
0.672,
0.678,
0.684,
0.69,
0.696,
0.702,
0.708,
0.714,
0.72,
0.726,
0.732,
0.738,
0.744,
0.75,
0.756,
0.762,
0.768,
0.774,
0.78,
0.786,
0.792,
0.798,
0.804,
0.81,
0.816,
0.822,
0.828,
0.834,
0.84,
0.846,
0.852,
0.858,
0.864,
0.87,
0.876,
0.882,
0.888,
0.894,
0.9,
0.906,
0.912,
0.918,
0.924,
0.93,
0.936,
0.942,
0.948,
0.954,
0.96,
0.966,
0.972,
0.978,
0.984,
0.99,
0.996,
1.002,
1.008,
1.014,
1.02,
1.026,
1.032,
1.038,
1.044,
1.05,
1.056,
1.062,
1.068,
1.074,
1.08,
1.086,
1.092,
1.098,
1.104,
1.11,
1.116,
1.122,
1.128,
1.134,
1.14,
1.146,
1.152,
1.158,
1.164,
1.17,
1.176,
1.182,
1.188,
1.194,
1.2,
1.206,
1.212,
1.218,
1.224,
1.23,
1.236,
1.242,
1.248,
1.254,
1.26,
1.266,
1.272,
1.278,
1.284,
1.29,
1.296,
1.302,
1.308,
1.314,
1.32,
1.326,
1.332,
1.338,
1.344,
1.35,
1.356,
1.362,
1.368,
1.374,
1.38,
1.386,
1.392,
1.398,
1.404,
1.41,
1.416,
1.422,
1.428,
1.434,
1.44,
1.446,
1.452,
1.458,
1.464,
1.47,
1.476,
1.482,
1.488,
1.494,
1.5,];
git = [
359.59680708731867,
359.84518844619276,
360.2448942702986,
360.6477465926256,
361.0536770101701,
361.4626718887066,
361.87471750419127,
362.28980002164496,
362.7079054955507,
363.1290198702585,
363.5531289803978,
363.98021855129093,
364.4102741993696,
364.843281432597,
365.27922565088943,
365.71809214654456,
366.159866104672,
366.6045326036251,
367.0520766154385,
367.5024830062681,
367.9557365368329,
368.4118218628623,
368.87072353554413,
369.332426001978,
369.79691360562947,
370.2641705867903,
370.7341810830387,
371.2069291297046,
371.6823986603373,
372.16057350717733,
372.6414374016291,
373.12497397473885,
373.6111667576738,
374.0999991822074,
374.59145458120315,
375.08551618910485,
375.5821671424293,
376.081390480261,
376.5831691447504,
377.0874859816157,
377.5943237406469,
378.1036650762128,
378.61549254777174,
379.12978862038517,
379.6465356652328,
380.1657159601334,
380.68731169006537,
381.21130494769386,
381.73767773389704,
382.2664119582988,
382.7974894398021,
383.3308919071261,
383.86660099934636,
384.40459826643826,
384.9448651698219,
385.4873830829124,
386.0321332916709,
386.57909699515983,
387.1282553061004,
387.6795892514335,
388.23307977288437,
388.7887077275275,
389.3464538883579,
389.9062989448629,
390.4682235035983,
391.03220808876677,
391.59823314279856,
392.16627902693733,
392.73632602182727,
393.30835432810306,
393.8823440669836,
394.45827528086863,
395.0361279339379,
395.6158819127538,
396.19751702686654,
396.7810130094225,
397.36634951777614,
397.9535061341038,
398.5424623660216,
399.1331976472053,
399.72569133801403,
400.3199227261175,
400.9158710271241,
401.51351538521453,
402.1128348737768,
402.7138084960452,
403.3164151857418,
403.9206338077212,
404.5264431586186,
405.1338219674998,
405.74274889651633,
406.35320254156125,
406.96516143293036,
407.57860403598477,
408.19350875181703,
408.8098539179209,
409.4276178088637,
410.04677863696213,
410.66731455296053,
411.28920364671296,
411.9124239478688,
412.53695342655953,
413.1627699940914,
413.78985150363894,
414.4181757509433,
415.04772047501206,
415.6784633588243,
416.3103820300365,
416.9434540616937,
417.5776569729429,
418.2129682297493,
418.84936524561624,
419.4868253823089,
420.12532595057974,
420.76484421089833,
421.4053573741843,
422.04684260254317,
422.6892770100053,
423.3326376632683,
423.97690158244336,
424.6220457418027,
425.2680470705336,
425.91488245349194,
426.56252873196195,
427.2109627044184,
427.86016112729044,
428.510100715731,
429.1607581443885,
429.8121100481811,
430.4641330230759,
431.11680362686957,
431.7700983799732,
432.4239937662013,
433.0784662335618,
433.73349219505144,
434.3890480294534,
435.04511008213865,
435.7016546658697,
436.3586580616093,
437.0160965193305,
437.6739462588313,
438.3321834705523,
438.99078431639657,
439.64972493055507,
440.30898142033266,
440.96852986697934,
441.6283463265237,
442.2884068306099,
442.9486873873385,
443.6091639821093,
444.26981257846796,
444.9306091189567,
445.5915295259665,
446.2525497025947,
446.913645533503,
447.57479288578145,
448.23596760981377,
448.89714554014654,
449.55830249636153,
450.21941428395064,
450.88045669519556,
451.541405510048,
452.20223649701495,
452.8629254140469,
453.52344800942853,
454.1837800226725,
454.8438971854166,
455.50377522232384,
456.1633898519857,
456.82271678782763,
457.48173173901876,
458.14041041138387,
458.7987285083177,
459.45666173170366,
460.11418578283406,
460.771276363334,
461.42790917608784,
462.0840599261687,
462.7397043217702,
463.3948180751421,
464.0493769035272,
464.7033565301026,
465.35673268492235,
466.0094811058632,
466.6615775395736,
467.31299774242416,
467.9637174814617,
468.61371253536606,
469.26295869540775,
469.9114317664097,
470.55910756771164,
471.2059619341354,
471.85197071695393,
472.49710978486246,
473.14135502495094,
473.7846823436804,
474.42706766786057,
475.0684869456296,
475.70891614743675,
476.34833126702597,
476.9867083224227,
477.6240233569231,
478.26025244008247,
478.89537166871014,
479.5293571678618,
480.16218509183693,
480.7938316251757,
481.4242729836601,
482.0534854153145,
482.681445201409,
483.30812865746464,
483.9335121342591,
484.55757201883534,
485.1802847355108,
485.801626746888,
486.42157455486677,
487.04010470165804,
487.65719377079813,
488.2728183881658,
488.886955222997,
489.4995809889057,
490.1106724449021,
490.72020639641187,
