
DETcontrolabsorptions = [
    1    1    1    1    1    1    1    1    1    1  9.03145E+18 0.00063 
];

