
DETcontrolabsorptions = [
    1    1    1    1    1    1    1    1    1    1  1.19459E+19 0.00042 
];

