z = [
-1.5,
-1.494,
-1.488,
-1.482,
-1.476,
-1.47,
-1.464,
-1.458,
-1.452,
-1.446,
-1.44,
-1.434,
-1.428,
-1.422,
-1.416,
-1.41,
-1.404,
-1.398,
-1.392,
-1.386,
-1.38,
-1.374,
-1.368,
-1.362,
-1.356,
-1.35,
-1.344,
-1.338,
-1.332,
-1.326,
-1.32,
-1.314,
-1.308,
-1.302,
-1.296,
-1.29,
-1.284,
-1.278,
-1.272,
-1.266,
-1.26,
-1.254,
-1.248,
-1.242,
-1.236,
-1.23,
-1.224,
-1.218,
-1.212,
-1.206,
-1.2,
-1.194,
-1.188,
-1.182,
-1.176,
-1.17,
-1.164,
-1.158,
-1.152,
-1.146,
-1.14,
-1.134,
-1.128,
-1.122,
-1.116,
-1.11,
-1.104,
-1.098,
-1.092,
-1.086,
-1.08,
-1.074,
-1.068,
-1.062,
-1.056,
-1.05,
-1.044,
-1.038,
-1.032,
-1.026,
-1.02,
-1.014,
-1.008,
-1.002,
-0.996,
-0.99,
-0.984,
-0.978,
-0.972,
-0.966,
-0.96,
-0.954,
-0.948,
-0.942,
-0.936,
-0.93,
-0.924,
-0.918,
-0.912,
-0.906,
-0.9,
-0.894,
-0.888,
-0.882,
-0.876,
-0.87,
-0.864,
-0.858,
-0.852,
-0.846,
-0.84,
-0.834,
-0.828,
-0.822,
-0.816,
-0.81,
-0.804,
-0.798,
-0.792,
-0.786,
-0.78,
-0.774,
-0.768,
-0.762,
-0.756,
-0.75,
-0.744,
-0.738,
-0.732,
-0.726,
-0.72,
-0.714,
-0.708,
-0.702,
-0.696,
-0.69,
-0.684,
-0.678,
-0.672,
-0.666,
-0.66,
-0.654,
-0.648,
-0.642,
-0.636,
-0.63,
-0.624,
-0.618,
-0.612,
-0.606,
-0.6,
-0.594,
-0.588,
-0.582,
-0.576,
-0.57,
-0.564,
-0.558,
-0.552,
-0.546,
-0.54,
-0.534,
-0.528,
-0.522,
-0.516,
-0.51,
-0.504,
-0.498,
-0.492,
-0.486,
-0.48,
-0.474,
-0.468,
-0.462,
-0.456,
-0.45,
-0.444,
-0.438,
-0.432,
-0.426,
-0.42,
-0.414,
-0.408,
-0.402,
-0.396,
-0.39,
-0.384,
-0.378,
-0.372,
-0.366,
-0.36,
-0.354,
-0.348,
-0.342,
-0.336,
-0.33,
-0.324,
-0.318,
-0.312,
-0.306,
-0.3,
-0.294,
-0.288,
-0.282,
-0.276,
-0.27,
-0.264,
-0.258,
-0.252,
-0.246,
-0.24,
-0.234,
-0.228,
-0.222,
-0.216,
-0.21,
-0.204,
-0.198,
-0.192,
-0.186,
-0.18,
-0.174,
-0.168,
-0.162,
-0.156,
-0.15,
-0.144,
-0.138,
-0.132,
-0.126,
-0.12,
-0.114,
-0.108,
-0.102,
-0.096,
-0.09,
-0.084,
-0.078,
-0.072,
-0.066,
-0.06,
-0.054,
-0.048,
-0.042,
-0.036,
-0.03,
-0.024,
-0.018,
-0.012,
-0.006,
0.0,
0.006,
0.012,
0.018,
0.024,
0.03,
0.036,
0.042,
0.048,
0.054,
0.06,
0.066,
0.072,
0.078,
0.084,
0.09,
0.096,
0.102,
0.108,
0.114,
0.12,
0.126,
0.132,
0.138,
0.144,
0.15,
0.156,
0.162,
0.168,
0.174,
0.18,
0.186,
0.192,
0.198,
0.204,
0.21,
0.216,
0.222,
0.228,
0.234,
0.24,
0.246,
0.252,
0.258,
0.264,
0.27,
0.276,
0.282,
0.288,
0.294,
0.3,
0.306,
0.312,
0.318,
0.324,
0.33,
0.336,
0.342,
0.348,
0.354,
0.36,
0.366,
0.372,
0.378,
0.384,
0.39,
0.396,
0.402,
0.408,
0.414,
0.42,
0.426,
0.432,
0.438,
0.444,
0.45,
0.456,
0.462,
0.468,
0.474,
0.48,
0.486,
0.492,
0.498,
0.504,
0.51,
0.516,
0.522,
0.528,
0.534,
0.54,
0.546,
0.552,
0.558,
0.564,
0.57,
0.576,
0.582,
0.588,
0.594,
0.6,
0.606,
0.612,
0.618,
0.624,
0.63,
0.636,
0.642,
0.648,
0.654,
0.66,
0.666,
0.672,
0.678,
0.684,
0.69,
0.696,
0.702,
0.708,
0.714,
0.72,
0.726,
0.732,
0.738,
0.744,
0.75,
0.756,
0.762,
0.768,
0.774,
0.78,
0.786,
0.792,
0.798,
0.804,
0.81,
0.816,
0.822,
0.828,
0.834,
0.84,
0.846,
0.852,
0.858,
0.864,
0.87,
0.876,
0.882,
0.888,
0.894,
0.9,
0.906,
0.912,
0.918,
0.924,
0.93,
0.936,
0.942,
0.948,
0.954,
0.96,
0.966,
0.972,
0.978,
0.984,
0.99,
0.996,
1.002,
1.008,
1.014,
1.02,
1.026,
1.032,
1.038,
1.044,
1.05,
1.056,
1.062,
1.068,
1.074,
1.08,
1.086,
1.092,
1.098,
1.104,
1.11,
1.116,
1.122,
1.128,
1.134,
1.14,
1.146,
1.152,
1.158,
1.164,
1.17,
1.176,
1.182,
1.188,
1.194,
1.2,
1.206,
1.212,
1.218,
1.224,
1.23,
1.236,
1.242,
1.248,
1.254,
1.26,
1.266,
1.272,
1.278,
1.284,
1.29,
1.296,
1.302,
1.308,
1.314,
1.32,
1.326,
1.332,
1.338,
1.344,
1.35,
1.356,
1.362,
1.368,
1.374,
1.38,
1.386,
1.392,
1.398,
1.404,
1.41,
1.416,
1.422,
1.428,
1.434,
1.44,
1.446,
1.452,
1.458,
1.464,
1.47,
1.476,
1.482,
1.488,
1.494,
1.5,];
cit = [
358.3777173703314,
358.68616542597135,
359.00023375037927,
359.3173968879769,
359.6376442387757,
359.9609647595148,
360.2873472990399,
360.61678059862834,
360.9492532923682,
361.2847539075358,
361.62327086498,
361.9647924795072,
362.30930696026917,
362.6568024111556,
363.00726683118637,
363.36068811490907,
363.7170540527992,
364.07635233166104,
364.43857053503325,
364.80369614359654,
365.17171653558376,
365.5426189871931,
365.91639067300343,
366.29301866639264,
366.6724899399584,
367.05479136594215,
367.43990971665414,
367.827831664903,
368.21854378442606,
368.612032550324,
369.00828433949596,
369.40728543107923,
369.80902200688934,
370.2134801518654,
370.6206458545147,
371.03050500736185,
371.44304340740007,
371.85824675654476,
372.27610066208854,
372.69659063716097,
373.11970210118795,
373.5454203803555,
373.973730708075,
374.4046182254514,
374.8380679817527,
375.27406493488354,
375.7125939518586,
376.1536398092816,
376.5971871938232,
377.0432207027038,
377.4917248441776,
377.94268403801846,
378.39608261600927,
378.85190482243263,
379.3101348145641,
379.7707566631681,
380.233754352995,
380.69911178328243,
381.166812768256,
381.6368410376351,
382.1091802371395,
382.58381392899787,
383.06072559245945,
383.5398986243074,
384.02131633937506,
384.50496197106327,
384.9908186718602,
385.478869513865,
385.9690974893116,
386.46148551109536,
386.95601641330245,
387.45267295174096,
387.9514378044744,
388.45229357235735,
388.9552227795732,
389.4602078741741,
389.96723122862363,
390.4762751403407,
390.98732183224706,
391.5003534533147,
392.0153520791183,
392.5322997123882,
393.05117828356515,
393.5719696513587,
394.09465560330693,
394.6192178563382,
395.145638057336,
395.67389778370466,
396.20397854393934,
396.73586177819516,
397.26952885886215,
397.80496109113915,
398.3421397136125,
398.8810458988353,
399.4216607539091,
399.96396532106917,
400.5079405782699,
401.0535674397744,
401.6008267567447,
402.1496993178356,
402.70016584979,
403.25220701803596,
403.8058034272875,
404.36093562214637,
404.9175840877066,
405.4757292501612,
406.03535147741127,
406.596431079677,
407.1589483101113,
407.7228833654161,
408.2882163864598,
408.8549274588976,
409.4229966137949,
409.9924038282518,
410.56312902602997,
411.13515207818295,
411.7084528036879,
412.2830109700793,
412.85880629408564,
413.4358184422688,
414.0140270316639,
414.5934116304244,
415.1739517584663,
415.75562688811726,
416.33841644476706,
416.9222998075196,
417.5072563098486,
418.09326524025505,
418.6803058429267,
419.2683573184007,
419.85739882422774,
420.44740947563866,
421.0383683462145,
421.6302544685574,
422.2230468349645,
422.81672439810484,
423.41126607169724,
424.00665073119194,
424.6028572144537,
425.19986432244775,
425.7976508199275,
426.3961954361258,
426.9954768654467,
427.5954737681618,
428.1961647711073,
428.79752846838403,
429.39954342205954,
430.0021881628735,
430.60544119094425,
431.2092809764781,
431.81368596048173,
432.4186345554756,
433.024105146211,
433.63007609038937,
434.23652571938214,
434.8434323389556,
435.45077422999645,
436.05852964923974,
436.6666768299999,
437.2751939829034,
437.8840592966245,
438.4932509386223,
439.1027470558805,
439.7125257756504,
440.3225652061951,
440.9328434375359,
441.54333854220204,
442.15402857598156,
442.7648915786757,
443.37590557485373,
443.98704857461234,
444.59829857433544,
445.20963355745675,
445.82103149522527,
446.43247034747185,
447.04392806337876,
447.65538258225126,
448.2668118342914,
448.8781937413735,
449.4895062178226,
450.10072717119465,
450.7118345030584,
451.32280610978046,
451.93361988331117,
452.5442537119736,
453.1546854812543,
453.7648930745954,
454.3748543741907,
454.9845472617809,
455.59394961945304,
456.2030393304418,
456.8117942799314,
457.4201923558604,
458.02821144972916,
458.63582945740677,
459.2430242799426,
459.8497738243782,
460.45605600456145,
461.0618487419622,
461.6671299664898,
462.27187761731284,
462.8760696436806,
463.4796840057445,
464.0826986753848,
464.6850916370348,
465.28684088851014,
465.8879244418371,
466.4883203240845,
467.0880065781961,
467.68696126382406,
468.2851624581657,
468.88258825679907,
469.4792167745229,
470.07502614619557,
470.6699945275765,
471.2641000961688,
471.8573210520632,
472.44963561878285,
473.0410220441307,
473.6314586010351,
474.2209235884003,
474.8093953319561,
475.3968521851075,
475.98327252978777,
