z = [
-1.5,
-1.494,
-1.488,
-1.482,
-1.476,
-1.47,
-1.464,
-1.458,
-1.452,
-1.446,
-1.44,
-1.434,
-1.428,
-1.422,
-1.416,
-1.41,
-1.404,
-1.398,
-1.392,
-1.386,
-1.38,
-1.374,
-1.368,
-1.362,
-1.356,
-1.35,
-1.344,
-1.338,
-1.332,
-1.326,
-1.32,
-1.314,
-1.308,
-1.302,
-1.296,
-1.29,
-1.284,
-1.278,
-1.272,
-1.266,
-1.26,
-1.254,
-1.248,
-1.242,
-1.236,
-1.23,
-1.224,
-1.218,
-1.212,
-1.206,
-1.2,
-1.194,
-1.188,
-1.182,
-1.176,
-1.17,
-1.164,
-1.158,
-1.152,
-1.146,
-1.14,
-1.134,
-1.128,
-1.122,
-1.116,
-1.11,
-1.104,
-1.098,
-1.092,
-1.086,
-1.08,
-1.074,
-1.068,
-1.062,
-1.056,
-1.05,
-1.044,
-1.038,
-1.032,
-1.026,
-1.02,
-1.014,
-1.008,
-1.002,
-0.996,
-0.99,
-0.984,
-0.978,
-0.972,
-0.966,
-0.96,
-0.954,
-0.948,
-0.942,
-0.936,
-0.93,
-0.924,
-0.918,
-0.912,
-0.906,
-0.9,
-0.894,
-0.888,
-0.882,
-0.876,
-0.87,
-0.864,
-0.858,
-0.852,
-0.846,
-0.84,
-0.834,
-0.828,
-0.822,
-0.816,
-0.81,
-0.804,
-0.798,
-0.792,
-0.786,
-0.78,
-0.774,
-0.768,
-0.762,
-0.756,
-0.75,
-0.744,
-0.738,
-0.732,
-0.726,
-0.72,
-0.714,
-0.708,
-0.702,
-0.696,
-0.69,
-0.684,
-0.678,
-0.672,
-0.666,
-0.66,
-0.654,
-0.648,
-0.642,
-0.636,
-0.63,
-0.624,
-0.618,
-0.612,
-0.606,
-0.6,
-0.594,
-0.588,
-0.582,
-0.576,
-0.57,
-0.564,
-0.558,
-0.552,
-0.546,
-0.54,
-0.534,
-0.528,
-0.522,
-0.516,
-0.51,
-0.504,
-0.498,
-0.492,
-0.486,
-0.48,
-0.474,
-0.468,
-0.462,
-0.456,
-0.45,
-0.444,
-0.438,
-0.432,
-0.426,
-0.42,
-0.414,
-0.408,
-0.402,
-0.396,
-0.39,
-0.384,
-0.378,
-0.372,
-0.366,
-0.36,
-0.354,
-0.348,
-0.342,
-0.336,
-0.33,
-0.324,
-0.318,
-0.312,
-0.306,
-0.3,
-0.294,
-0.288,
-0.282,
-0.276,
-0.27,
-0.264,
-0.258,
-0.252,
-0.246,
-0.24,
-0.234,
-0.228,
-0.222,
-0.216,
-0.21,
-0.204,
-0.198,
-0.192,
-0.186,
-0.18,
-0.174,
-0.168,
-0.162,
-0.156,
-0.15,
-0.144,
-0.138,
-0.132,
-0.126,
-0.12,
-0.114,
-0.108,
-0.102,
-0.096,
-0.09,
-0.084,
-0.078,
-0.072,
-0.066,
-0.06,
-0.054,
-0.048,
-0.042,
-0.036,
-0.03,
-0.024,
-0.018,
-0.012,
-0.006,
0.0,
0.006,
0.012,
0.018,
0.024,
0.03,
0.036,
0.042,
0.048,
0.054,
0.06,
0.066,
0.072,
0.078,
0.084,
0.09,
0.096,
0.102,
0.108,
0.114,
0.12,
0.126,
0.132,
0.138,
0.144,
0.15,
0.156,
0.162,
0.168,
0.174,
0.18,
0.186,
0.192,
0.198,
0.204,
0.21,
0.216,
0.222,
0.228,
0.234,
0.24,
0.246,
0.252,
0.258,
0.264,
0.27,
0.276,
0.282,
0.288,
0.294,
0.3,
0.306,
0.312,
0.318,
0.324,
0.33,
0.336,
0.342,
0.348,
0.354,
0.36,
0.366,
0.372,
0.378,
0.384,
0.39,
0.396,
0.402,
0.408,
0.414,
0.42,
0.426,
0.432,
0.438,
0.444,
0.45,
0.456,
0.462,
0.468,
0.474,
0.48,
0.486,
0.492,
0.498,
0.504,
0.51,
0.516,
0.522,
0.528,
0.534,
0.54,
0.546,
0.552,
0.558,
0.564,
0.57,
0.576,
0.582,
0.588,
0.594,
0.6,
0.606,
0.612,
0.618,
0.624,
0.63,
0.636,
0.642,
0.648,
0.654,
0.66,
0.666,
0.672,
0.678,
0.684,
0.69,
0.696,
0.702,
0.708,
0.714,
0.72,
0.726,
0.732,
0.738,
0.744,
0.75,
0.756,
0.762,
0.768,
0.774,
0.78,
0.786,
0.792,
0.798,
0.804,
0.81,
0.816,
0.822,
0.828,
0.834,
0.84,
0.846,
0.852,
0.858,
0.864,
0.87,
0.876,
0.882,
0.888,
0.894,
0.9,
0.906,
0.912,
0.918,
0.924,
0.93,
0.936,
0.942,
0.948,
0.954,
0.96,
0.966,
0.972,
0.978,
0.984,
0.99,
0.996,
1.002,
1.008,
1.014,
1.02,
1.026,
1.032,
1.038,
1.044,
1.05,
1.056,
1.062,
1.068,
1.074,
1.08,
1.086,
1.092,
1.098,
1.104,
1.11,
1.116,
1.122,
1.128,
1.134,
1.14,
1.146,
1.152,
1.158,
1.164,
1.17,
1.176,
1.182,
1.188,
1.194,
1.2,
1.206,
1.212,
1.218,
1.224,
1.23,
1.236,
1.242,
1.248,
1.254,
1.26,
1.266,
1.272,
1.278,
1.284,
1.29,
1.296,
1.302,
1.308,
1.314,
1.32,
1.326,
1.332,
1.338,
1.344,
1.35,
1.356,
1.362,
1.368,
1.374,
1.38,
1.386,
1.392,
1.398,
1.404,
1.41,
1.416,
1.422,
1.428,
1.434,
1.44,
1.446,
1.452,
1.458,
1.464,
1.47,
1.476,
1.482,
1.488,
1.494,
1.5,];
cz = [
355.0,
355.04230831673453,
355.0878548336275,
355.13663792019395,
355.18865583008585,
355.24390670115395,
355.3023885555151,
355.36409929962224,
355.42903672434,
355.49719850502333,
355.5685822016013,
355.64318525866395,
355.7210050055536,
355.80203865646126,
355.88628331052564,
355.973735951937,
356.0643934500457,
356.1582525594738,
356.2553099202312,
356.3555620578361,
356.4590053834395,
356.5656361939533,
356.6754506721833,
356.7884448869654,
356.9046147933068,
357.0239562325304,
357.1464649324238,
357.2721365073925,
357.40096645861627,
357.5329501742111,
357.66808292939345,
357.80635988664994,
357.94777609590994,
358.0923264947237,
358.24000590844264,
358.3908090504051,
358.5447305221254,
358.70176481348744,
358.8619063029413,
359.02514925770515,
359.1914878339701,
359.36091607710955,
359.5334279218921,
359.7090171926992,
359.8876776037455,
360.0694027593046,
360.2541861539373,
360.4420211727254,
360.6329010915075,
360.82681907712026,
361.0237681876431,
361.22374137264626,
361.42673147344374,
361.6327312233491,
361.84173324793585,
362.05373006530147,
362.26871408633485,
362.4866776149888,
362.7076128485545,
362.9315118779416,
363.15836668796123,
363.38816915761265,
363.62091106037394,
363.85658406449693,
364.09517973330526,
364.33668952549624,
364.58110479544655,
364.82841679352214,
365.0786166663912,
365.3316954573411,
365.5876441065989,
365.846453451656,
366.1081142275957,
366.3726170674255,
366.6399525024117,
366.9101109624189,
367.18308277625226,
367.45885817200394,
367.73742727740296,
368.0187801201681,
368.3029066283657,
368.58979663076946,
368.87943985722507,
369.1718259390176,
369.46694440924284,
369.7647847031816,
370.06533615867875,
370.36858801652374,
370.6745294208371,
370.98314941945773,
371.2944369643359,
371.6083809119284,
371.92497002359744,
372.2441929660133,
372.5660383115594,
372.8904945387419,
373.21755003260216,
373.54719308513233,
373.8794118956944,
374.21419457144293,
374.55152912775065,
374.89140348863737,
375.2338054872024,
375.5787228660603,
375.92614327777915,
376.2760542853231,
376.62844336249736,
376.9832978943966,
377.34060517785656,
377.70035242190875,
378.0625267482386,
378.42711519164607,
378.79410470051005,
379.16348213725587,
379.53523427882465,
379.9093478171478,
380.2858093596227,
380.66460542959237,
381.0457224668278,
381.4291468280136,
381.81486478723616,
382.2028625364752,
382.59312618609783,
382.98564176535615,
383.38039522288693,
383.77737242721514,
384.17655916725937,
384.5779411528408,
384.98150401519456,
385.3872333074844,
385.7951145053198,
386.20513300727555,
386.6172741354151,
387.0315231358152,
387.44786517909483,
387.86628536094577,
388.28676870266577,
388.7093001516955,
389.1338645821568,
389.56044679539434,
389.98903152052003,
390.41960341495894,
390.8521470649994,
391.28664698634407,
391.7230876246648,
392.1614533561592,
392.60172848810976,
393.04389725944577,
393.48794384130804,
393.93385233761455,
394.3816067856304,
394.8311911565387,
395.28258935601446,
395.73578522480125,
396.1907625392888,
396.6475050120945,
397.10599629264607,
397.5662199677671,
398.0281595622646,
398.4917985395183,
398.9571203020737,
399.42410819223494,
399.892745492662,
400.363015426969,
400.8349011603244,
401.3083858000541,
401.78345239624593,
402.2600839423566,
402.73826337582,
403.21797357865887,
403.69919737809676,
404.1819175471734,
404.66611680536096,
405.15177781918294,
405.63888320283434,
406.1274155188047,
406.6173572785016,
407.10869094287705,
407.6013989230554,
408.0954635809628,
408.59086722995914,
409.08759213547023,
409.58562051562365,
410.08493454188476,
410.585516339695,
411.087347989112,
411.5904115254506,
412.09468893992675,
412.60016218030125,
413.1068131515267,
413.61462371639493,
414.12357569618644,
414.6336508713209,
415.14483098201003,
415.65709772891034,
416.17043277377877,
416.68481774012923,
417.2002342138903,
417.71666374406436,
418.2340878433881,
418.7524879889945,
419.2718456230758,
419.79214215354773,
420.3133589547152,
420.83547736793935,
421.35847870230486,
421.88234423528957,
422.40705521343443,
422.9325928530151,
423.458938340714,
423.9860728342943,
424.5139774632738,
425.04263332960136,
425.5720215083322,
426.10212304830657,
426.6329189728275,
427.16439028034006,
427.6965179451121,
428.22928291791504,
428.76266612670554,
429.2966484773086,
429.8312108541014,
430.3663341206965,
