
DETcontrolabsorptions = [
    1    1    1    1    1    1    1    1    1    1  1.19058E+19 0.00050 
];

