
DETcontrolabsorptions = [
    1    1    1    1    1    1    1    1    1    1  8.29045E+18 0.00232 
];

