
DETbatch1 = [
    1    1    1    1    1    1    1    1    1    1  3.59319E+19 0.00232 
    2    1    1    2    1    1    1    1    1    1  2.09529E+20 0.00150 
    3    1    1    3    1    1    1    1    1    1  6.64347E+20 0.00104 
    4    1    1    4    1    1    1    1    1    1  1.19108E+21 0.00079 
    5    1    1    5    1    1    1    1    1    1  1.28771E+21 0.00078 
    6    1    1    6    1    1    1    1    1    1  8.53068E+20 0.00094 
    7    1    1    7    1    1    1    1    1    1  3.29821E+20 0.00120 
    8    1    1    8    1    1    1    1    1    1  7.37070E+19 0.00148 
    9    1    1    9    1    1    1    1    1    1  1.01206E+19 0.00297 
];


DETbatch2 = [
    1    1    1    1    1    1    1    1    1    1  3.96013E+19 0.00203 
    2    1    1    2    1    1    1    1    1    1  2.30350E+20 0.00157 
    3    1    1    3    1    1    1    1    1    1  6.74887E+20 0.00100 
    4    1    1    4    1    1    1    1    1    1  1.09119E+21 0.00053 
    5    1    1    5    1    1    1    1    1    1  1.15729E+21 0.00060 
    6    1    1    6    1    1    1    1    1    1  8.31314E+20 0.00089 
    7    1    1    7    1    1    1    1    1    1  3.54443E+20 0.00111 
    8    1    1    8    1    1    1    1    1    1  8.11569E+19 0.00159 
    9    1    1    9    1    1    1    1    1    1  1.06522E+19 0.00279 
];


DETbatch3 = [
    1    1    1    1    1    1    1    1    1    1  3.30450E+19 0.00175 
    2    1    1    2    1    1    1    1    1    1  1.88363E+20 0.00159 
    3    1    1    3    1    1    1    1    1    1  5.21572E+20 0.00110 
    4    1    1    4    1    1    1    1    1    1  7.98019E+20 0.00060 
    5    1    1    5    1    1    1    1    1    1  8.37834E+20 0.00059 
    6    1    1    6    1    1    1    1    1    1  6.27628E+20 0.00085 
    7    1    1    7    1    1    1    1    1    1  2.84756E+20 0.00113 
    8    1    1    8    1    1    1    1    1    1  6.72994E+19 0.00155 
    9    1    1    9    1    1    1    1    1    1  8.87371E+18 0.00296 
];


DETbatch4 = [
    1    1    1    1    1    1    1    1    1    1  2.45788E+19 0.00214 
    2    1    1    2    1    1    1    1    1    1  1.35117E+20 0.00150 
    3    1    1    3    1    1    1    1    1    1  3.75077E+20 0.00106 
    4    1    1    4    1    1    1    1    1    1  5.87614E+20 0.00078 
    5    1    1    5    1    1    1    1    1    1  6.20003E+20 0.00073 
    6    1    1    6    1    1    1    1    1    1  4.55473E+20 0.00084 
    7    1    1    7    1    1    1    1    1    1  2.03208E+20 0.00118 
    8    1    1    8    1    1    1    1    1    1  4.94444E+19 0.00178 
    9    1    1    9    1    1    1    1    1    1  6.90016E+18 0.00314 
];


DETbatch5 = [
    1    1    1    1    1    1    1    1    1    1  1.58677E+19 0.00230 
    2    1    1    2    1    1    1    1    1    1  8.25916E+19 0.00148 
    3    1    1    3    1    1    1    1    1    1  2.26689E+20 0.00112 
    4    1    1    4    1    1    1    1    1    1  3.63771E+20 0.00090 
    5    1    1    5    1    1    1    1    1    1  3.86196E+20 0.00076 
    6    1    1    6    1    1    1    1    1    1  2.78115E+20 0.00085 
    7    1    1    7    1    1    1    1    1    1  1.23345E+20 0.00122 
    8    1    1    8    1    1    1    1    1    1  3.14848E+19 0.00192 
    9    1    1    9    1    1    1    1    1    1  4.76713E+18 0.00287 
];


DETbatch6 = [
    1    1    1    1    1    1    1    1    1    1  9.44105E+18 0.00233 
    2    1    1    2    1    1    1    1    1    1  4.64044E+19 0.00164 
    3    1    1    3    1    1    1    1    1    1  1.24517E+20 0.00130 
    4    1    1    4    1    1    1    1    1    1  2.01310E+20 0.00096 
    5    1    1    5    1    1    1    1    1    1  2.14536E+20 0.00080 
    6    1    1    6    1    1    1    1    1    1  1.53258E+20 0.00095 
    7    1    1    7    1    1    1    1    1    1  6.87324E+19 0.00111 
    8    1    1    8    1    1    1    1    1    1  1.84533E+19 0.00225 
    9    1    1    9    1    1    1    1    1    1  3.05412E+18 0.00421 
];


DETbatch7 = [
    1    1    1    1    1    1    1    1    1    1  5.51991E+18 0.00313 
    2    1    1    2    1    1    1    1    1    1  2.51404E+19 0.00188 
    3    1    1    3    1    1    1    1    1    1  6.50374E+19 0.00142 
    4    1    1    4    1    1    1    1    1    1  1.04462E+20 0.00110 
    5    1    1    5    1    1    1    1    1    1  1.11321E+20 0.00080 
    6    1    1    6    1    1    1    1    1    1  8.00169E+19 0.00098 
    7    1    1    7    1    1    1    1    1    1  3.68633E+19 0.00134 
    8    1    1    8    1    1    1    1    1    1  1.05073E+19 0.00240 
    9    1    1    9    1    1    1    1    1    1  1.94279E+18 0.00394 
];

