
DETcontrolabsorptions = [
    1    1    1    1    1    1    1    1    1    1  1.27168E+19 0.00068 
];

