
DETbatch1 = [
    1    1    1    1    1    1    1    1    1    1  4.26308E+19 0.00225 
    2    1    1    2    1    1    1    1    1    1  2.46973E+20 0.00144 
    3    1    1    3    1    1    1    1    1    1  7.64663E+20 0.00107 
    4    1    1    4    1    1    1    1    1    1  1.33488E+21 0.00088 
    5    1    1    5    1    1    1    1    1    1  1.43481E+21 0.00058 
    6    1    1    6    1    1    1    1    1    1  9.70208E+20 0.00086 
    7    1    1    7    1    1    1    1    1    1  3.85034E+20 0.00126 
    8    1    1    8    1    1    1    1    1    1  8.69659E+19 0.00166 
    9    1    1    9    1    1    1    1    1    1  1.18895E+19 0.00301 
];


DETbatch2 = [
    1    1    1    1    1    1    1    1    1    1  4.19594E+19 0.00179 
    2    1    1    2    1    1    1    1    1    1  2.36320E+20 0.00130 
    3    1    1    3    1    1    1    1    1    1  6.60562E+20 0.00099 
    4    1    1    4    1    1    1    1    1    1  1.03302E+21 0.00059 
    5    1    1    5    1    1    1    1    1    1  1.09035E+21 0.00045 
    6    1    1    6    1    1    1    1    1    1  8.02237E+20 0.00081 
    7    1    1    7    1    1    1    1    1    1  3.57666E+20 0.00121 
    8    1    1    8    1    1    1    1    1    1  8.50506E+19 0.00183 
    9    1    1    9    1    1    1    1    1    1  1.14333E+19 0.00321 
];


DETbatch3 = [
    1    1    1    1    1    1    1    1    1    1  3.23796E+19 0.00204 
    2    1    1    2    1    1    1    1    1    1  1.76254E+20 0.00115 
    3    1    1    3    1    1    1    1    1    1  4.60970E+20 0.00094 
    4    1    1    4    1    1    1    1    1    1  6.78270E+20 0.00053 
    5    1    1    5    1    1    1    1    1    1  7.08597E+20 0.00048 
    6    1    1    6    1    1    1    1    1    1  5.46214E+20 0.00095 
    7    1    1    7    1    1    1    1    1    1  2.61172E+20 0.00126 
    8    1    1    8    1    1    1    1    1    1  6.51083E+19 0.00164 
    9    1    1    9    1    1    1    1    1    1  8.94664E+18 0.00221 
];


DETbatch4 = [
    1    1    1    1    1    1    1    1    1    1  2.34967E+19 0.00201 
    2    1    1    2    1    1    1    1    1    1  1.23292E+20 0.00122 
    3    1    1    3    1    1    1    1    1    1  3.25471E+20 0.00107 
    4    1    1    4    1    1    1    1    1    1  4.91156E+20 0.00067 
    5    1    1    5    1    1    1    1    1    1  5.15360E+20 0.00068 
    6    1    1    6    1    1    1    1    1    1  3.89241E+20 0.00112 
    7    1    1    7    1    1    1    1    1    1  1.82432E+20 0.00135 
    8    1    1    8    1    1    1    1    1    1  4.66195E+19 0.00181 
    9    1    1    9    1    1    1    1    1    1  6.81841E+18 0.00286 
];


DETbatch5 = [
    1    1    1    1    1    1    1    1    1    1  1.50478E+19 0.00198 
    2    1    1    2    1    1    1    1    1    1  7.53952E+19 0.00139 
    3    1    1    3    1    1    1    1    1    1  1.98746E+20 0.00105 
    4    1    1    4    1    1    1    1    1    1  3.09517E+20 0.00086 
    5    1    1    5    1    1    1    1    1    1  3.27444E+20 0.00082 
    6    1    1    6    1    1    1    1    1    1  2.40807E+20 0.00117 
    7    1    1    7    1    1    1    1    1    1  1.11035E+20 0.00132 
    8    1    1    8    1    1    1    1    1    1  2.94885E+19 0.00175 
    9    1    1    9    1    1    1    1    1    1  4.63630E+18 0.00350 
];


DETbatch6 = [
    1    1    1    1    1    1    1    1    1    1  8.94096E+18 0.00251 
    2    1    1    2    1    1    1    1    1    1  4.25812E+19 0.00148 
    3    1    1    3    1    1    1    1    1    1  1.10690E+20 0.00110 
    4    1    1    4    1    1    1    1    1    1  1.75085E+20 0.00088 
    5    1    1    5    1    1    1    1    1    1  1.86068E+20 0.00088 
    6    1    1    6    1    1    1    1    1    1  1.35059E+20 0.00125 
    7    1    1    7    1    1    1    1    1    1  6.24532E+19 0.00138 
    8    1    1    8    1    1    1    1    1    1  1.72707E+19 0.00189 
    9    1    1    9    1    1    1    1    1    1  2.94813E+18 0.00330 
];


DETbatch7 = [
    1    1    1    1    1    1    1    1    1    1  5.19083E+18 0.00283 
    2    1    1    2    1    1    1    1    1    1  2.32330E+19 0.00166 
    3    1    1    3    1    1    1    1    1    1  5.84414E+19 0.00114 
    4    1    1    4    1    1    1    1    1    1  9.22969E+19 0.00094 
    5    1    1    5    1    1    1    1    1    1  9.83376E+19 0.00091 
    6    1    1    6    1    1    1    1    1    1  7.13741E+19 0.00143 
    7    1    1    7    1    1    1    1    1    1  3.37126E+19 0.00151 
    8    1    1    8    1    1    1    1    1    1  9.84760E+18 0.00242 
    9    1    1    9    1    1    1    1    1    1  1.87071E+18 0.00459 
];

