
DETcontrolabsorptions = [
    1    1    1    1    1    1    1    1    1    1  1.12996E+19 0.00031 
];

