
DETcontrolabsorptions = [
    1    1    1    1    1    1    1    1    1    1  7.72620E+18 0.00238 
];

