
DETcontrolabsorptions = [
    1    1    1    1    1    1    1    1    1    1  7.95206E+18 0.00199 
];

