
DETcontrolabsorptions = [
    1    1    1    1    1    1    1    1    1    1  1.07824E+19 0.00024 
];

