
DETcontrolabsorptions = [
    1    1    1    1    1    1    1    1    1    1  1.09060E+19 0.00029 
];

