z = [
-1.5,
-1.494,
-1.488,
-1.482,
-1.476,
-1.47,
-1.464,
-1.458,
-1.452,
-1.446,
-1.44,
-1.434,
-1.428,
-1.422,
-1.416,
-1.41,
-1.404,
-1.398,
-1.392,
-1.386,
-1.38,
-1.374,
-1.368,
-1.362,
-1.356,
-1.35,
-1.344,
-1.338,
-1.332,
-1.326,
-1.32,
-1.314,
-1.308,
-1.302,
-1.296,
-1.29,
-1.284,
-1.278,
-1.272,
-1.266,
-1.26,
-1.254,
-1.248,
-1.242,
-1.236,
-1.23,
-1.224,
-1.218,
-1.212,
-1.206,
-1.2,
-1.194,
-1.188,
-1.182,
-1.176,
-1.17,
-1.164,
-1.158,
-1.152,
-1.146,
-1.14,
-1.134,
-1.128,
-1.122,
-1.116,
-1.11,
-1.104,
-1.098,
-1.092,
-1.086,
-1.08,
-1.074,
-1.068,
-1.062,
-1.056,
-1.05,
-1.044,
-1.038,
-1.032,
-1.026,
-1.02,
-1.014,
-1.008,
-1.002,
-0.996,
-0.99,
-0.984,
-0.978,
-0.972,
-0.966,
-0.96,
-0.954,
-0.948,
-0.942,
-0.936,
-0.93,
-0.924,
-0.918,
-0.912,
-0.906,
-0.9,
-0.894,
-0.888,
-0.882,
-0.876,
-0.87,
-0.864,
-0.858,
-0.852,
-0.846,
-0.84,
-0.834,
-0.828,
-0.822,
-0.816,
-0.81,
-0.804,
-0.798,
-0.792,
-0.786,
-0.78,
-0.774,
-0.768,
-0.762,
-0.756,
-0.75,
-0.744,
-0.738,
-0.732,
-0.726,
-0.72,
-0.714,
-0.708,
-0.702,
-0.696,
-0.69,
-0.684,
-0.678,
-0.672,
-0.666,
-0.66,
-0.654,
-0.648,
-0.642,
-0.636,
-0.63,
-0.624,
-0.618,
-0.612,
-0.606,
-0.6,
-0.594,
-0.588,
-0.582,
-0.576,
-0.57,
-0.564,
-0.558,
-0.552,
-0.546,
-0.54,
-0.534,
-0.528,
-0.522,
-0.516,
-0.51,
-0.504,
-0.498,
-0.492,
-0.486,
-0.48,
-0.474,
-0.468,
-0.462,
-0.456,
-0.45,
-0.444,
-0.438,
-0.432,
-0.426,
-0.42,
-0.414,
-0.408,
-0.402,
-0.396,
-0.39,
-0.384,
-0.378,
-0.372,
-0.366,
-0.36,
-0.354,
-0.348,
-0.342,
-0.336,
-0.33,
-0.324,
-0.318,
-0.312,
-0.306,
-0.3,
-0.294,
-0.288,
-0.282,
-0.276,
-0.27,
-0.264,
-0.258,
-0.252,
-0.246,
-0.24,
-0.234,
-0.228,
-0.222,
-0.216,
-0.21,
-0.204,
-0.198,
-0.192,
-0.186,
-0.18,
-0.174,
-0.168,
-0.162,
-0.156,
-0.15,
-0.144,
-0.138,
-0.132,
-0.126,
-0.12,
-0.114,
-0.108,
-0.102,
-0.096,
-0.09,
-0.084,
-0.078,
-0.072,
-0.066,
-0.06,
-0.054,
-0.048,
-0.042,
-0.036,
-0.03,
-0.024,
-0.018,
-0.012,
-0.006,
0.0,
0.006,
0.012,
0.018,
0.024,
0.03,
0.036,
0.042,
0.048,
0.054,
0.06,
0.066,
0.072,
0.078,
0.084,
0.09,
0.096,
0.102,
0.108,
0.114,
0.12,
0.126,
0.132,
0.138,
0.144,
0.15,
0.156,
0.162,
0.168,
0.174,
0.18,
0.186,
0.192,
0.198,
0.204,
0.21,
0.216,
0.222,
0.228,
0.234,
0.24,
0.246,
0.252,
0.258,
0.264,
0.27,
0.276,
0.282,
0.288,
0.294,
0.3,
0.306,
0.312,
0.318,
0.324,
0.33,
0.336,
0.342,
0.348,
0.354,
0.36,
0.366,
0.372,
0.378,
0.384,
0.39,
0.396,
0.402,
0.408,
0.414,
0.42,
0.426,
0.432,
0.438,
0.444,
0.45,
0.456,
0.462,
0.468,
0.474,
0.48,
0.486,
0.492,
0.498,
0.504,
0.51,
0.516,
0.522,
0.528,
0.534,
0.54,
0.546,
0.552,
0.558,
0.564,
0.57,
0.576,
0.582,
0.588,
0.594,
0.6,
0.606,
0.612,
0.618,
0.624,
0.63,
0.636,
0.642,
0.648,
0.654,
0.66,
0.666,
0.672,
0.678,
0.684,
0.69,
0.696,
0.702,
0.708,
0.714,
0.72,
0.726,
0.732,
0.738,
0.744,
0.75,
0.756,
0.762,
0.768,
0.774,
0.78,
0.786,
0.792,
0.798,
0.804,
0.81,
0.816,
0.822,
0.828,
0.834,
0.84,
0.846,
0.852,
0.858,
0.864,
0.87,
0.876,
0.882,
0.888,
0.894,
0.9,
0.906,
0.912,
0.918,
0.924,
0.93,
0.936,
0.942,
0.948,
0.954,
0.96,
0.966,
0.972,
0.978,
0.984,
0.99,
0.996,
1.002,
1.008,
1.014,
1.02,
1.026,
1.032,
1.038,
1.044,
1.05,
1.056,
1.062,
1.068,
1.074,
1.08,
1.086,
1.092,
1.098,
1.104,
1.11,
1.116,
1.122,
1.128,
1.134,
1.14,
1.146,
1.152,
1.158,
1.164,
1.17,
1.176,
1.182,
1.188,
1.194,
1.2,
1.206,
1.212,
1.218,
1.224,
1.23,
1.236,
1.242,
1.248,
1.254,
1.26,
1.266,
1.272,
1.278,
1.284,
1.29,
1.296,
1.302,
1.308,
1.314,
1.32,
1.326,
1.332,
1.338,
1.344,
1.35,
1.356,
1.362,
1.368,
1.374,
1.38,
1.386,
1.392,
1.398,
1.404,
1.41,
1.416,
1.422,
1.428,
1.434,
1.44,
1.446,
1.452,
1.458,
1.464,
1.47,
1.476,
1.482,
1.488,
1.494,
1.5,];
cot = [
356.13345206735346,
356.26602015665856,
356.4017901359299,
356.5407576940378,
356.6829184043967,
356.82826772505643,
356.97680099879665,
357.1285134532276,
357.2834002008923,
357.4414562393755,
357.6026764514155,
357.7670556050207,
357.93458835359047,
358.10526923603925,
358.2790926769269,
358.456052986591,
358.63614436128546,
358.81936088332236,
359.00569652121726,
359.19514512984074,
359.38770045057265,
359.58335611146117,
359.78210562738604,
359.98394240022617,
360.18885971903114,
360.39685076019794,
360.60790858765074,
360.82202615302526,
361.03919629585823,
361.25941174378033,
361.4826651127132,
361.7089489070718,
361.9382555199693,
362.1705772334283,
362.40590621859474,
362.64423453595657,
362.88555413556674,
363.12985685727085,
363.3771344309379,
363.6273784766962,
363.88058050517407,
364.13673191774296,
364.3958240067666,
364.65784795585375,
364.92279484011476,
365.190655626423,
365.46142117368015,
365.73508223308613,
366.0116294484128,
366.29105335628196,
366.57334438644796,
366.85849286208395,
367.14648900007296,
367.4373229113028,
367.7309846009648,
368.02746396885766,
368.32675080969545,
368.62883481341817,
368.9337055655087,
369.24135254731254,
369.5517651363623,
369.864932606706,
370.18084412924,
370.4994887720452,
370.8208555007286,
371.1449331787685,
371.47171056786294,
371.801176328284,
372.1333190192345,
372.4681270992104,
372.8055889263658,
373.14569275888323,
373.48842675534763,
373.8337789751239,
374.1817373787396,
374.5322898282709,
374.8854240877324,
375.2411278234722,
375.59938860456975,
375.9601939032385,
376.32353109523206,
376.6893874602549,
377.0577501823767,
377.4286063504511,
377.80194295853767,
378.1777469063287,
378.5560049995796,
378.93670395054346,
379.31983037840894,
379.70537080974304,
380.0933116789372,
380.4836393286573,
380.8763400102979,
381.27139988444026,
381.66880502131414,
382.0685414012637,
382.47059491521645,
382.87495136515815,
383.28159646460836,
383.6905158391032,
384.10169502667907,
384.5151194783625,
384.93077455866194,
385.3486455460645,
385.76871763353586,
386.1909759290246,
386.6154054559695,
387.0419911538107,
387.4707178785054,
387.9015704030463,
388.3345334179836,
388.7695915319523,
389.2067292722011,
389.64593108512577,
390.08718133680713,
390.5304643135511,
390.975764222433,
391.42306519184524,
391.87235127204985,
392.32360643573213,
392.7768145785601,
393.2319595197464,
393.68902500261356,
394.1479946951632,
394.60885219064915,
395.0715810081525,
395.53616459316197,
396.00258631815586,
396.47082948318905,
396.94087731648233,
397.41271297501555,
397.8863195451239,
398.36168004309775,
398.83877741578544,
399.3175945411999,
399.79811422912815,
400.28031922174387,
400.76419219422405,
401.24971575536813,
401.73687244821997,
402.2256447506944,
402.71601507620585,
403.20796577429974,
403.70147913128824,
404.19653737088913,
404.6931226548652,
405.19121708367084,
405.69080269709775,
406.19186147492644,
406.6943753375791,
407.1983261467766,
407.70369570619687,
408.21046576213837,
408.71861800418446,
409.22813406587204,
409.7389955253618,
410.25118390611306,
410.7646806775597,
411.2794672557893,
411.79552500422653,
412.3128352343168,
412.8313792062148,
413.3511381294744,
413.8720931637421,
414.39422541945214,
414.9175159585259,
415.44194579507166,
415.9674958960893,
416.4941471821751,
417.02188052823135,
417.55067676417764,
418.08051667566326,
418.61138100478445,
419.1432504508027,
419.676105670865,
420.2099272807276,
420.74469585548184,
421.28039193028167,
421.816996001074,
422.3544885253315,
422.8928499227868,
423.43206057617,
423.9721008319474,
424.51295100106336,
425.05459135968295,
425.59700214993836,
426.1401635806757,
426.6840558282054,
427.22865903705326,
427.77395332071467,
428.31991876240977,
428.8665354158413,
429.41378330595376,
429.9616424296952,
430.5100927567796,
431.059114230453,
431.6086867682591,
432.1587902628082,
432.70940458254756,
433.26050957253335,
433.8120850552035,
434.36411083115377,
434.916566679914,
435.4694323607264,
436.02268761332584,
436.5763121587206,
437.13028569997573,
437.6845879229967,
438.23919849731567,
438.79409707687796,
439.3492633008308,
439.90467679431276,
440.4603171692445,
441.01616402512116,
441.5721969498055,
442.12839552032267,
442.68473930365553,
443.2412078575413,
443.7977807312699,
444.35443746648195,
444.91115759796935,
445.4679206544753,
