z = [
-1.5,
-1.494,
-1.488,
-1.482,
-1.476,
-1.47,
-1.464,
-1.458,
-1.452,
-1.446,
-1.44,
-1.434,
-1.428,
-1.422,
-1.416,
-1.41,
-1.404,
-1.398,
-1.392,
-1.386,
-1.38,
-1.374,
-1.368,
-1.362,
-1.356,
-1.35,
-1.344,
-1.338,
-1.332,
-1.326,
-1.32,
-1.314,
-1.308,
-1.302,
-1.296,
-1.29,
-1.284,
-1.278,
-1.272,
-1.266,
-1.26,
-1.254,
-1.248,
-1.242,
-1.236,
-1.23,
-1.224,
-1.218,
-1.212,
-1.206,
-1.2,
-1.194,
-1.188,
-1.182,
-1.176,
-1.17,
-1.164,
-1.158,
-1.152,
-1.146,
-1.14,
-1.134,
-1.128,
-1.122,
-1.116,
-1.11,
-1.104,
-1.098,
-1.092,
-1.086,
-1.08,
-1.074,
-1.068,
-1.062,
-1.056,
-1.05,
-1.044,
-1.038,
-1.032,
-1.026,
-1.02,
-1.014,
-1.008,
-1.002,
-0.996,
-0.99,
-0.984,
-0.978,
-0.972,
-0.966,
-0.96,
-0.954,
-0.948,
-0.942,
-0.936,
-0.93,
-0.924,
-0.918,
-0.912,
-0.906,
-0.9,
-0.894,
-0.888,
-0.882,
-0.876,
-0.87,
-0.864,
-0.858,
-0.852,
-0.846,
-0.84,
-0.834,
-0.828,
-0.822,
-0.816,
-0.81,
-0.804,
-0.798,
-0.792,
-0.786,
-0.78,
-0.774,
-0.768,
-0.762,
-0.756,
-0.75,
-0.744,
-0.738,
-0.732,
-0.726,
-0.72,
-0.714,
-0.708,
-0.702,
-0.696,
-0.69,
-0.684,
-0.678,
-0.672,
-0.666,
-0.66,
-0.654,
-0.648,
-0.642,
-0.636,
-0.63,
-0.624,
-0.618,
-0.612,
-0.606,
-0.6,
-0.594,
-0.588,
-0.582,
-0.576,
-0.57,
-0.564,
-0.558,
-0.552,
-0.546,
-0.54,
-0.534,
-0.528,
-0.522,
-0.516,
-0.51,
-0.504,
-0.498,
-0.492,
-0.486,
-0.48,
-0.474,
-0.468,
-0.462,
-0.456,
-0.45,
-0.444,
-0.438,
-0.432,
-0.426,
-0.42,
-0.414,
-0.408,
-0.402,
-0.396,
-0.39,
-0.384,
-0.378,
-0.372,
-0.366,
-0.36,
-0.354,
-0.348,
-0.342,
-0.336,
-0.33,
-0.324,
-0.318,
-0.312,
-0.306,
-0.3,
-0.294,
-0.288,
-0.282,
-0.276,
-0.27,
-0.264,
-0.258,
-0.252,
-0.246,
-0.24,
-0.234,
-0.228,
-0.222,
-0.216,
-0.21,
-0.204,
-0.198,
-0.192,
-0.186,
-0.18,
-0.174,
-0.168,
-0.162,
-0.156,
-0.15,
-0.144,
-0.138,
-0.132,
-0.126,
-0.12,
-0.114,
-0.108,
-0.102,
-0.096,
-0.09,
-0.084,
-0.078,
-0.072,
-0.066,
-0.06,
-0.054,
-0.048,
-0.042,
-0.036,
-0.03,
-0.024,
-0.018,
-0.012,
-0.006,
0.0,
0.006,
0.012,
0.018,
0.024,
0.03,
0.036,
0.042,
0.048,
0.054,
0.06,
0.066,
0.072,
0.078,
0.084,
0.09,
0.096,
0.102,
0.108,
0.114,
0.12,
0.126,
0.132,
0.138,
0.144,
0.15,
0.156,
0.162,
0.168,
0.174,
0.18,
0.186,
0.192,
0.198,
0.204,
0.21,
0.216,
0.222,
0.228,
0.234,
0.24,
0.246,
0.252,
0.258,
0.264,
0.27,
0.276,
0.282,
0.288,
0.294,
0.3,
0.306,
0.312,
0.318,
0.324,
0.33,
0.336,
0.342,
0.348,
0.354,
0.36,
0.366,
0.372,
0.378,
0.384,
0.39,
0.396,
0.402,
0.408,
0.414,
0.42,
0.426,
0.432,
0.438,
0.444,
0.45,
0.456,
0.462,
0.468,
0.474,
0.48,
0.486,
0.492,
0.498,
0.504,
0.51,
0.516,
0.522,
0.528,
0.534,
0.54,
0.546,
0.552,
0.558,
0.564,
0.57,
0.576,
0.582,
0.588,
0.594,
0.6,
0.606,
0.612,
0.618,
0.624,
0.63,
0.636,
0.642,
0.648,
0.654,
0.66,
0.666,
0.672,
0.678,
0.684,
0.69,
0.696,
0.702,
0.708,
0.714,
0.72,
0.726,
0.732,
0.738,
0.744,
0.75,
0.756,
0.762,
0.768,
0.774,
0.78,
0.786,
0.792,
0.798,
0.804,
0.81,
0.816,
0.822,
0.828,
0.834,
0.84,
0.846,
0.852,
0.858,
0.864,
0.87,
0.876,
0.882,
0.888,
0.894,
0.9,
0.906,
0.912,
0.918,
0.924,
0.93,
0.936,
0.942,
0.948,
0.954,
0.96,
0.966,
0.972,
0.978,
0.984,
0.99,
0.996,
1.002,
1.008,
1.014,
1.02,
1.026,
1.032,
1.038,
1.044,
1.05,
1.056,
1.062,
1.068,
1.074,
1.08,
1.086,
1.092,
1.098,
1.104,
1.11,
1.116,
1.122,
1.128,
1.134,
1.14,
1.146,
1.152,
1.158,
1.164,
1.17,
1.176,
1.182,
1.188,
1.194,
1.2,
1.206,
1.212,
1.218,
1.224,
1.23,
1.236,
1.242,
1.248,
1.254,
1.26,
1.266,
1.272,
1.278,
1.284,
1.29,
1.296,
1.302,
1.308,
1.314,
1.32,
1.326,
1.332,
1.338,
1.344,
1.35,
1.356,
1.362,
1.368,
1.374,
1.38,
1.386,
1.392,
1.398,
1.404,
1.41,
1.416,
1.422,
1.428,
1.434,
1.44,
1.446,
1.452,
1.458,
1.464,
1.47,
1.476,
1.482,
1.488,
1.494,
1.5,];
fit = [
369.34690955455403,
371.8439744950682,
373.11455270676674,
374.39162249670494,
375.6701238808222,
376.9500359346539,
378.2313129378276,
379.51390938819156,
380.79777987221826,
382.0828790665705,
383.3691617389143,
384.656582748717,
385.94509704802556,
387.23465968222,
388.5252257907532,
389.8167506078646,
391.10918946328,
392.4024977828874,
393.69663108939733,
394.99154500298266,
396.28719524190217,
397.583537623104,
398.8805280628135,
400.17812257710136,
401.47627728243845,
402.77494839623,
404.0740922373366,
405.37366522657646,
406.67362388721426,
407.97392484543366,
409.2745248307939,
410.57538067667247,
411.8764493206929,
413.17768780513836,
414.47905327735145,
415.78050299011977,
417.08199430204843,
418.38348467792036,
419.68493168904115,
420.98629301357425,
422.2875264368628,
423.588589851739,
424.8894412588222,
426.19003876680574,
427.49034059273174,
428.79030506225683,
430.0898906099046,
431.38905577931064,
432.6877592234547,
433.9859597048851,
435.2836160959323,
436.5806873789137,
437.8771326463292,
439.1729111010485,
440.4679820564879,
441.76230493678133,
443.0558392769425,
444.3485447230165,
445.64038103222936,
446.9313080731238,
448.2212858256929,
449.5102743815048,
450.79823394382004,
452.08512482770345,
453.3709074601304,
454.65554238008554,
455.9389902386564,
457.2212117991219,
458.50216793703464,
459.78181964029886,
461.0601280092427,
462.3370542566861,
463.6125597080048,
464.886605801188,
466.1591540868948,
467.4301662285044,
468.6996040021627,
469.96742929682716,
471.2336041143061,
472.498090569297,
473.760850889419,
475.0218474152458,
476.2810426003332,
477.5383990112466,
478.7938793275837,
480.0474463419972,
481.2990629602144,
482.54869220105616,
483.796297196452,
485.0418411914569,
486.28528754426463,
487.52659972622007,
488.76574132183146,
490.0026760287817,
491.2373676579384,
492.4697801333641,
493.6998774923253,
494.9276238853025,
496.152983575999,
497.3759209413503,
498.5964004715339,
499.81438676997936,
501.0298445533783,
502.24273865169584,
503.45303400818216,
504.6606956793852,
505.86568883516486,
507.0679787587069,
508.2675308465399,
509.46431060855195,
510.6582836680102,
511.8494157615812,
513.0376727393527,
514.2230205648585,
515.4054253151038,
516.5848531805937,
517.7612704653632,
518.934643587009,
520.1049390767259,
521.2721235793427,
522.4361638533622,
523.5970267710044,
524.7546793182507,
525.9090885948923,
527.0602218145815,
528.2080463048854,
529.3525295073431,
530.4936389775249,
531.6313423850975,
532.7656075138894,
533.896402261962,
535.0236946416825,
536.1474527798025,
537.2676449175375,
538.3842394106523,
539.4972047295498,
540.6065094593625,
541.712122300049,
542.8140120664949,
543.9121476886157,
545.0064982114665,
546.0970327953539,
547.1837207159523,
548.2665313644256,
549.3454342475534,
550.4203989878581,
551.4913953237419,
552.5583931096238,
553.6213623160833,
554.6802730300084,
555.7350954547476,
556.7857999102674,
557.8323568333135,
558.8747367775779,
559.9129104138701,
560.9468485302928,
561.9765220324234,
563.0019019435001,
564.0229594046115,
565.0396656748937,
566.0519921317305,
567.059910270959,
568.0633917070807,
569.0624081734768,
570.0569315226296,
571.0469337263486,
572.0323868760009,
573.0132631827488,
573.9895349777895,
574.9611747126029,
575.9281549592033,
576.8904484103957,
577.8480278800387,
578.8008663033113,
579.7489367369863,
580.6922123597068,
581.6306664722712,
582.5642724979197,
583.4930039826286,
584.4168345954097,
585.3357381286129,
586.2496884982371,
587.1586597442438,
588.0626260308767,
588.9615616469872,
589.8554410063647,
590.7442386480709,
591.6279292367823,
592.5064875631338,
593.3798885440718,
594.248107223209,
595.1111187711855,
595.9688984860364,
596.8214217935625,
597.6686642477069,
598.5106015309375,
599.3472094546323,
600.1784639594727,
601.0043411158389,
601.8248171242134,
602.6398683155858,
603.449471151866,
604.2536022262993,
605.0522382638894,
605.8453561218234,
606.6329327899031,
607.4149453909814,
608.191371181402,
608.9621875514453,
609.7273720257772,
610.4869022639056,
611.2407560606374,
611.9889113465437,
612.7313461884265,
613.4680387897921,
614.1989674913286,
614.9241107713857,
615.643447246462,
616.3569556716933,
617.0646149413485,
617.7664040893263,
618.4623022896586,
619.1522888570166,
619.8363432472214,
620.514445057758,
621.1865740282948,
621.8527100412044,
