z = [
-1.5,
-1.494,
-1.488,
-1.482,
-1.476,
-1.47,
-1.464,
-1.458,
-1.452,
-1.446,
-1.44,
-1.434,
-1.428,
-1.422,
-1.416,
-1.41,
-1.404,
-1.398,
-1.392,
-1.386,
-1.38,
-1.374,
-1.368,
-1.362,
-1.356,
-1.35,
-1.344,
-1.338,
-1.332,
-1.326,
-1.32,
-1.314,
-1.308,
-1.302,
-1.296,
-1.29,
-1.284,
-1.278,
-1.272,
-1.266,
-1.26,
-1.254,
-1.248,
-1.242,
-1.236,
-1.23,
-1.224,
-1.218,
-1.212,
-1.206,
-1.2,
-1.194,
-1.188,
-1.182,
-1.176,
-1.17,
-1.164,
-1.158,
-1.152,
-1.146,
-1.14,
-1.134,
-1.128,
-1.122,
-1.116,
-1.11,
-1.104,
-1.098,
-1.092,
-1.086,
-1.08,
-1.074,
-1.068,
-1.062,
-1.056,
-1.05,
-1.044,
-1.038,
-1.032,
-1.026,
-1.02,
-1.014,
-1.008,
-1.002,
-0.996,
-0.99,
-0.984,
-0.978,
-0.972,
-0.966,
-0.96,
-0.954,
-0.948,
-0.942,
-0.936,
-0.93,
-0.924,
-0.918,
-0.912,
-0.906,
-0.9,
-0.894,
-0.888,
-0.882,
-0.876,
-0.87,
-0.864,
-0.858,
-0.852,
-0.846,
-0.84,
-0.834,
-0.828,
-0.822,
-0.816,
-0.81,
-0.804,
-0.798,
-0.792,
-0.786,
-0.78,
-0.774,
-0.768,
-0.762,
-0.756,
-0.75,
-0.744,
-0.738,
-0.732,
-0.726,
-0.72,
-0.714,
-0.708,
-0.702,
-0.696,
-0.69,
-0.684,
-0.678,
-0.672,
-0.666,
-0.66,
-0.654,
-0.648,
-0.642,
-0.636,
-0.63,
-0.624,
-0.618,
-0.612,
-0.606,
-0.6,
-0.594,
-0.588,
-0.582,
-0.576,
-0.57,
-0.564,
-0.558,
-0.552,
-0.546,
-0.54,
-0.534,
-0.528,
-0.522,
-0.516,
-0.51,
-0.504,
-0.498,
-0.492,
-0.486,
-0.48,
-0.474,
-0.468,
-0.462,
-0.456,
-0.45,
-0.444,
-0.438,
-0.432,
-0.426,
-0.42,
-0.414,
-0.408,
-0.402,
-0.396,
-0.39,
-0.384,
-0.378,
-0.372,
-0.366,
-0.36,
-0.354,
-0.348,
-0.342,
-0.336,
-0.33,
-0.324,
-0.318,
-0.312,
-0.306,
-0.3,
-0.294,
-0.288,
-0.282,
-0.276,
-0.27,
-0.264,
-0.258,
-0.252,
-0.246,
-0.24,
-0.234,
-0.228,
-0.222,
-0.216,
-0.21,
-0.204,
-0.198,
-0.192,
-0.186,
-0.18,
-0.174,
-0.168,
-0.162,
-0.156,
-0.15,
-0.144,
-0.138,
-0.132,
-0.126,
-0.12,
-0.114,
-0.108,
-0.102,
-0.096,
-0.09,
-0.084,
-0.078,
-0.072,
-0.066,
-0.06,
-0.054,
-0.048,
-0.042,
-0.036,
-0.03,
-0.024,
-0.018,
-0.012,
-0.006,
0.0,
0.006,
0.012,
0.018,
0.024,
0.03,
0.036,
0.042,
0.048,
0.054,
0.06,
0.066,
0.072,
0.078,
0.084,
0.09,
0.096,
0.102,
0.108,
0.114,
0.12,
0.126,
0.132,
0.138,
0.144,
0.15,
0.156,
0.162,
0.168,
0.174,
0.18,
0.186,
0.192,
0.198,
0.204,
0.21,
0.216,
0.222,
0.228,
0.234,
0.24,
0.246,
0.252,
0.258,
0.264,
0.27,
0.276,
0.282,
0.288,
0.294,
0.3,
0.306,
0.312,
0.318,
0.324,
0.33,
0.336,
0.342,
0.348,
0.354,
0.36,
0.366,
0.372,
0.378,
0.384,
0.39,
0.396,
0.402,
0.408,
0.414,
0.42,
0.426,
0.432,
0.438,
0.444,
0.45,
0.456,
0.462,
0.468,
0.474,
0.48,
0.486,
0.492,
0.498,
0.504,
0.51,
0.516,
0.522,
0.528,
0.534,
0.54,
0.546,
0.552,
0.558,
0.564,
0.57,
0.576,
0.582,
0.588,
0.594,
0.6,
0.606,
0.612,
0.618,
0.624,
0.63,
0.636,
0.642,
0.648,
0.654,
0.66,
0.666,
0.672,
0.678,
0.684,
0.69,
0.696,
0.702,
0.708,
0.714,
0.72,
0.726,
0.732,
0.738,
0.744,
0.75,
0.756,
0.762,
0.768,
0.774,
0.78,
0.786,
0.792,
0.798,
0.804,
0.81,
0.816,
0.822,
0.828,
0.834,
0.84,
0.846,
0.852,
0.858,
0.864,
0.87,
0.876,
0.882,
0.888,
0.894,
0.9,
0.906,
0.912,
0.918,
0.924,
0.93,
0.936,
0.942,
0.948,
0.954,
0.96,
0.966,
0.972,
0.978,
0.984,
0.99,
0.996,
1.002,
1.008,
1.014,
1.02,
1.026,
1.032,
1.038,
1.044,
1.05,
1.056,
1.062,
1.068,
1.074,
1.08,
1.086,
1.092,
1.098,
1.104,
1.11,
1.116,
1.122,
1.128,
1.134,
1.14,
1.146,
1.152,
1.158,
1.164,
1.17,
1.176,
1.182,
1.188,
1.194,
1.2,
1.206,
1.212,
1.218,
1.224,
1.23,
1.236,
1.242,
1.248,
1.254,
1.26,
1.266,
1.272,
1.278,
1.284,
1.29,
1.296,
1.302,
1.308,
1.314,
1.32,
1.326,
1.332,
1.338,
1.344,
1.35,
1.356,
1.362,
1.368,
1.374,
1.38,
1.386,
1.392,
1.398,
1.404,
1.41,
1.416,
1.422,
1.428,
1.434,
1.44,
1.446,
1.452,
1.458,
1.464,
1.47,
1.476,
1.482,
1.488,
1.494,
1.5,];
git = [
359.53696803508785,
359.7830645184632,
360.1781877183629,
360.57645731056914,
360.97780666326264,
361.3822222957357,
361.78969063649413,
362.20019800306966,
362.61373060240896,
363.0302745312787,
363.44981577667113,
363.8723402162145,
364.2978336185869,
364.7262816439305,
365.1576698442742,
365.5919836639541,
366.02920844004154,
366.46932940277145,
366.9123316759752,
367.3582002775163,
367.8069201197301,
368.25847600986515,
368.71285265052904,
369.17003464013635,
369.6300064733608,
370.09275254159013,
370.55825713338345,
371.0265044349326,
371.49747853052565,
371.97116340301534,
372.4475429342883,
372.9266009057387,
373.40832099874456,
373.89268679514737,
374.37968177773485,
374.86928933072625,
375.3614927402607,
375.85627519489003,
376.35361978607204,
376.8535095086687,
377.3559272614475,
377.8608558475846,
378.36827797517174,
378.87817625772584,
379.3905332147019,
379.905331272009,
380.4225527625284,
380.9421799266362,
381.46419491272695,
381.9885797777423,
382.51531648770117,
383.0443869182335,
383.57577285511684,
384.1094559948166,
384.645417945027,
385.18364022521837,
385.7241042671851,
386.26679141559623,
386.8116829285515,
387.3587599781372,
387.90800365098755,
388.45939494884806,
389.0129147891413,
389.5685440055363,
390.1262633485212,
390.6860534859785,
391.2478950037629,
391.81176840628257,
392.3776541170836,
392.9455324794369,
393.5153837569286,
394.08718813405267,
394.6609257168079,
395.236576533296,
395.8141205343244,
396.3935375940116,
396.97480751039404,
397.5579100060387,
398.1428247286559,
398.7295312517182,
399.31800907507795,
399.9082376255934,
400.50019625775246,
401.09386425430387,
401.6892208268879,
402.2862451166727,
402.88491619499234,
403.48521306398845,
404.0871146572541,
404.69059984048215,
405.2956474121155,
405.9022361040005,
406.51034458204424,
407.1199514468741,
407.73103523450084,
408.34357441698467,
408.9575474031042,
409.572932539029,
410.18970810899464,
410.80785233598135,
411.42734338239586,
412.0481593507559,
412.670278284378,
413.2936781680687,
413.9183369288188,
414.54423243650035,
415.17134250456786,
415.799644890761,
416.42911729781224,
417.0597373741564,
417.6914827146438,
418.3243308612574,
418.95825930383114,
419.5932454807738,
420.2292667797942,
420.866300538631,
421.50432404578476,
422.14331454125283,
422.78324921726994,
423.42410521904856,
424.0658596455246,
424.7084895501067,
425.3519719414271,
425.99628378409614,
426.641401999462,
427.2873034663712,
427.9339650219332,
428.5813634622883,
429.2294755433795,
429.8782779817261,
430.52774745520185,
431.1778606038158,
431.8285940304967,
432.4799243018798,
433.1318279490981,
433.78428146857664,
434.4372613228285,
435.09074394125605,
435.7447057209554,
436.39912302752145,
437.05397219585984,
437.7092295309998,
438.36487130890987,
439.0208737773195,
439.6772131565416,
440.333865640298,
440.9908073965503,
441.64801456833186,
442.3054632745842,
442.9631296109967,
443.62098965084795,
444.2790194458523,
444.93719502700856,
445.5954924054515,
446.2538875733079,
446.9123565045537,
447.57087515587693,
448.22941946754145,
448.88796536425434,
449.5464887560381,
450.20496553910345,
450.8633715967271,
451.52168280013154,
452.17987500936863,
452.83792407420515,
453.49580583501347,
454.15349612366265,
454.8109707644146,
455.4682055748219,
456.1251763666294,
456.78185894667877,
457.438229117815,
458.09426267979745,
458.7499354302121,
459.40522316538795,
460.0601016813155,
460.7145467745687,
461.3685342432292,
462.0220398878131,
462.6750395122018,
463.32750892457386,
463.9794239383409,
464.63076037308565,
465.28149405550244,
465.9316008203408,
466.58105651135145,
467.2298369822345,
467.8779180975913,
468.5252757338767,
469.171885780357,
469.81772414006673,
470.46276673077034,
471.1069894859255,
471.7503683556488,
472.3928793076831,
473.03449832836895,
473.6752014236156,
474.3149646198766,
474.9537639651261,
475.59157552983834,
476.22837540796775,
476.86413971793297,
477.4988446036008,
478.1324662352738,
478.7649808106793,
479.39636455595905,
480.02659372666335,
480.6556446087435,
481.2834935195493,
481.9101168088255,
482.535490859712,
483.1595920897445,
483.7823969518561,
484.40388193538206,
485.0240235670642,
485.6427984120585,
486.2601830749419,
486.8761542007222,
487.49068847584783,
488.1037626292199,
488.7153534332042,
489.3254377046451,
489.9339923058801,
490.540994145755,
