z = [
-1.5,
-1.494,
-1.488,
-1.482,
-1.476,
-1.47,
-1.464,
-1.458,
-1.452,
-1.446,
-1.44,
-1.434,
-1.428,
-1.422,
-1.416,
-1.41,
-1.404,
-1.398,
-1.392,
-1.386,
-1.38,
-1.374,
-1.368,
-1.362,
-1.356,
-1.35,
-1.344,
-1.338,
-1.332,
-1.326,
-1.32,
-1.314,
-1.308,
-1.302,
-1.296,
-1.29,
-1.284,
-1.278,
-1.272,
-1.266,
-1.26,
-1.254,
-1.248,
-1.242,
-1.236,
-1.23,
-1.224,
-1.218,
-1.212,
-1.206,
-1.2,
-1.194,
-1.188,
-1.182,
-1.176,
-1.17,
-1.164,
-1.158,
-1.152,
-1.146,
-1.14,
-1.134,
-1.128,
-1.122,
-1.116,
-1.11,
-1.104,
-1.098,
-1.092,
-1.086,
-1.08,
-1.074,
-1.068,
-1.062,
-1.056,
-1.05,
-1.044,
-1.038,
-1.032,
-1.026,
-1.02,
-1.014,
-1.008,
-1.002,
-0.996,
-0.99,
-0.984,
-0.978,
-0.972,
-0.966,
-0.96,
-0.954,
-0.948,
-0.942,
-0.936,
-0.93,
-0.924,
-0.918,
-0.912,
-0.906,
-0.9,
-0.894,
-0.888,
-0.882,
-0.876,
-0.87,
-0.864,
-0.858,
-0.852,
-0.846,
-0.84,
-0.834,
-0.828,
-0.822,
-0.816,
-0.81,
-0.804,
-0.798,
-0.792,
-0.786,
-0.78,
-0.774,
-0.768,
-0.762,
-0.756,
-0.75,
-0.744,
-0.738,
-0.732,
-0.726,
-0.72,
-0.714,
-0.708,
-0.702,
-0.696,
-0.69,
-0.684,
-0.678,
-0.672,
-0.666,
-0.66,
-0.654,
-0.648,
-0.642,
-0.636,
-0.63,
-0.624,
-0.618,
-0.612,
-0.606,
-0.6,
-0.594,
-0.588,
-0.582,
-0.576,
-0.57,
-0.564,
-0.558,
-0.552,
-0.546,
-0.54,
-0.534,
-0.528,
-0.522,
-0.516,
-0.51,
-0.504,
-0.498,
-0.492,
-0.486,
-0.48,
-0.474,
-0.468,
-0.462,
-0.456,
-0.45,
-0.444,
-0.438,
-0.432,
-0.426,
-0.42,
-0.414,
-0.408,
-0.402,
-0.396,
-0.39,
-0.384,
-0.378,
-0.372,
-0.366,
-0.36,
-0.354,
-0.348,
-0.342,
-0.336,
-0.33,
-0.324,
-0.318,
-0.312,
-0.306,
-0.3,
-0.294,
-0.288,
-0.282,
-0.276,
-0.27,
-0.264,
-0.258,
-0.252,
-0.246,
-0.24,
-0.234,
-0.228,
-0.222,
-0.216,
-0.21,
-0.204,
-0.198,
-0.192,
-0.186,
-0.18,
-0.174,
-0.168,
-0.162,
-0.156,
-0.15,
-0.144,
-0.138,
-0.132,
-0.126,
-0.12,
-0.114,
-0.108,
-0.102,
-0.096,
-0.09,
-0.084,
-0.078,
-0.072,
-0.066,
-0.06,
-0.054,
-0.048,
-0.042,
-0.036,
-0.03,
-0.024,
-0.018,
-0.012,
-0.006,
0.0,
0.006,
0.012,
0.018,
0.024,
0.03,
0.036,
0.042,
0.048,
0.054,
0.06,
0.066,
0.072,
0.078,
0.084,
0.09,
0.096,
0.102,
0.108,
0.114,
0.12,
0.126,
0.132,
0.138,
0.144,
0.15,
0.156,
0.162,
0.168,
0.174,
0.18,
0.186,
0.192,
0.198,
0.204,
0.21,
0.216,
0.222,
0.228,
0.234,
0.24,
0.246,
0.252,
0.258,
0.264,
0.27,
0.276,
0.282,
0.288,
0.294,
0.3,
0.306,
0.312,
0.318,
0.324,
0.33,
0.336,
0.342,
0.348,
0.354,
0.36,
0.366,
0.372,
0.378,
0.384,
0.39,
0.396,
0.402,
0.408,
0.414,
0.42,
0.426,
0.432,
0.438,
0.444,
0.45,
0.456,
0.462,
0.468,
0.474,
0.48,
0.486,
0.492,
0.498,
0.504,
0.51,
0.516,
0.522,
0.528,
0.534,
0.54,
0.546,
0.552,
0.558,
0.564,
0.57,
0.576,
0.582,
0.588,
0.594,
0.6,
0.606,
0.612,
0.618,
0.624,
0.63,
0.636,
0.642,
0.648,
0.654,
0.66,
0.666,
0.672,
0.678,
0.684,
0.69,
0.696,
0.702,
0.708,
0.714,
0.72,
0.726,
0.732,
0.738,
0.744,
0.75,
0.756,
0.762,
0.768,
0.774,
0.78,
0.786,
0.792,
0.798,
0.804,
0.81,
0.816,
0.822,
0.828,
0.834,
0.84,
0.846,
0.852,
0.858,
0.864,
0.87,
0.876,
0.882,
0.888,
0.894,
0.9,
0.906,
0.912,
0.918,
0.924,
0.93,
0.936,
0.942,
0.948,
0.954,
0.96,
0.966,
0.972,
0.978,
0.984,
0.99,
0.996,
1.002,
1.008,
1.014,
1.02,
1.026,
1.032,
1.038,
1.044,
1.05,
1.056,
1.062,
1.068,
1.074,
1.08,
1.086,
1.092,
1.098,
1.104,
1.11,
1.116,
1.122,
1.128,
1.134,
1.14,
1.146,
1.152,
1.158,
1.164,
1.17,
1.176,
1.182,
1.188,
1.194,
1.2,
1.206,
1.212,
1.218,
1.224,
1.23,
1.236,
1.242,
1.248,
1.254,
1.26,
1.266,
1.272,
1.278,
1.284,
1.29,
1.296,
1.302,
1.308,
1.314,
1.32,
1.326,
1.332,
1.338,
1.344,
1.35,
1.356,
1.362,
1.368,
1.374,
1.38,
1.386,
1.392,
1.398,
1.404,
1.41,
1.416,
1.422,
1.428,
1.434,
1.44,
1.446,
1.452,
1.458,
1.464,
1.47,
1.476,
1.482,
1.488,
1.494,
1.5,];
cit = [
358.3077241803677,
358.6106904955734,
358.9191982317526,
359.23080391603924,
359.54549712204926,
359.86326699817755,
360.18410258470055,
360.50799281410013,
360.83492651143354,
361.1648923947081,
361.49787907525683,
361.8338750581182,
362.1728687424189,
362.51484842175853,
362.8598022845971,
363.20771841464705,
363.55858479126596,
363.9123892898531,
364.2691196822492,
364.62876363713724,
364.9913087204477,
365.3567423957661,
365.7250520247427,
366.09622486750516,
366.47024808307344,
366.8471087297795,
367.22679376568533,
367.6092900490088,
367.9945843385474,
368.38266329410794,
368.77351347693684,
369.16712135015405,
369.5634732791891,
369.9625555322192,
370.3643542806112,
370.76885559936443,
371.17604546755706,
371.5859097687951,
371.99843429166265,
372.41360473017573,
372.8314066842389,
373.2518256601023,
373.6748470708235,
374.1004562367302,
374.528638385886,
374.95937865455846,
375.392662087689,
375.8284736393663,
376.2667981733006,
376.7076204633023,
377.1509251937604,
377.5966969601252,
378.04492026939363,
378.4955795405946,
378.9486591052787,
379.4041432080098,
379.8620160068591,
380.3222615738997,
380.7848638957063,
381.2498068738554,
381.71707432542814,
382.18664998351505,
382.6585174977241,
383.1326604346899,
383.60906227858595,
384.0877064316385,
384.5685762146435,
385.05165486748456,
385.53692554965494,
386.02437134077957,
386.51397524114134,
387.0057201722087,
387.49958897716533,
387.9955644214418,
388.49362919325154,
388.99376590412567,
389.4959570894531,
390.0001852090211,
390.50643264755865,
391.0146817152821,
391.5249146484433,
392.0371136098788,
392.5512606895627,
393.06733790516114,
393.5853272025888,
394.1052104565681,
394.62696947119025,
395.1505859804786,
395.6760416489543,
396.2033180722043,
396.73239677745175,
397.26325922412764,
397.7958868044466,
398.33026084398193,
398.866362602247,
399.4041732732752,
399.9436739862032,
400.4848458058581,
401.0276697333445,
401.5721267066358,
402.118197601166,
402.66586323042486,
403.21510434655556,
403.76590164095376,
404.31823574486884,
404.87208723000936,
405.4274366091478,
405.9842643367298,
406.5425508094853,
407.1022763670411,
407.6634212925368,
408.22596581324217,
408.78989010117755,
409.35517427373554,
409.92179839430696,
410.4897424729062,
411.05898646680146,
411.62951028114617,
412.2012937696129,
412.77431673502963,
413.3485589300178,
413.9240000576343,
414.50061977201324,
415.07839767901305,
415.6573133368628,
416.2373462568137,
416.81847590379084,
417.40068169704887,
417.9839430108284,
418.5682391750162,
419.1535494758068,
419.7398531563674,
420.32712941750333,
420.91535741832865,
421.504516276936,
422.0945850710717,
422.68554283881076,
423.27736857923605,
423.87004125311853,
424.4635397836008,
425.0578430568829,
425.65292992290927,
426.24877919606047,
426.84536965584414,
427.44268004759124,
428.040689083153,
428.63937544160046,
429.2387177699269,
429.83869468375156,
430.4392847680275,
431.04046657774995,
431.6422186386677,
432.2445194479976,
432.84734747514017,
433.45068116239804,
434.0544989256973,
434.65877915531075,
435.26350021658243,
435.86864045065647,
436.47417817520693,
437.08009168517026,
437.68635925347985,
438.2929591318033,
438.89986955128234,
439.5070687232733,
440.1145348400919,
440.7222460757596,
441.33018058675134,
441.9383165127473,
442.5466319773849,
443.15510508901434,
443.76371394145656,
444.3724366147625,
444.98125117597465,
445.590135679892,
446.1990681698355,
446.80802667841715,
447.4169892283102,
448.0259338330218,
448.6348384976686,
449.24368121975317,
449.85243998994315,
450.4610927928527,
451.069617607826,
451.6779924097219,
452.2861951697023,
452.8942038560207,
453.5019964348144,
454.10955087089746,
454.71684512855654,
455.32385717234786,
455.9305649678971,
456.53694648269993,
457.1429796869261,
457.74864255422347,
458.35391306252586,
458.95876919486125,
459.56318894016226,
460.16715029407885,
460.7706312597926,
461.3736098488313,
461.9760640818887,
462.5779719896417,
463.1793116135724,
463.78006100679045,
464.3801982348572,
464.97970137661173,
465.5785485249979,
466.1767177878929,
466.7741872889387,
467.3709351683732,
467.966939583863,
468.56217871133936,
469.15663074583335,
469.75027390231355,
470.343086416525,
470.93504654582887,
471.5261325700442,
472.11632279229,
472.705595539829,
473.29392916491247,
473.88130204562674,
474.4676925867391,
