z = [
-1.5,
-1.494,
-1.488,
-1.482,
-1.476,
-1.47,
-1.464,
-1.458,
-1.452,
-1.446,
-1.44,
-1.434,
-1.428,
-1.422,
-1.416,
-1.41,
-1.404,
-1.398,
-1.392,
-1.386,
-1.38,
-1.374,
-1.368,
-1.362,
-1.356,
-1.35,
-1.344,
-1.338,
-1.332,
-1.326,
-1.32,
-1.314,
-1.308,
-1.302,
-1.296,
-1.29,
-1.284,
-1.278,
-1.272,
-1.266,
-1.26,
-1.254,
-1.248,
-1.242,
-1.236,
-1.23,
-1.224,
-1.218,
-1.212,
-1.206,
-1.2,
-1.194,
-1.188,
-1.182,
-1.176,
-1.17,
-1.164,
-1.158,
-1.152,
-1.146,
-1.14,
-1.134,
-1.128,
-1.122,
-1.116,
-1.11,
-1.104,
-1.098,
-1.092,
-1.086,
-1.08,
-1.074,
-1.068,
-1.062,
-1.056,
-1.05,
-1.044,
-1.038,
-1.032,
-1.026,
-1.02,
-1.014,
-1.008,
-1.002,
-0.996,
-0.99,
-0.984,
-0.978,
-0.972,
-0.966,
-0.96,
-0.954,
-0.948,
-0.942,
-0.936,
-0.93,
-0.924,
-0.918,
-0.912,
-0.906,
-0.9,
-0.894,
-0.888,
-0.882,
-0.876,
-0.87,
-0.864,
-0.858,
-0.852,
-0.846,
-0.84,
-0.834,
-0.828,
-0.822,
-0.816,
-0.81,
-0.804,
-0.798,
-0.792,
-0.786,
-0.78,
-0.774,
-0.768,
-0.762,
-0.756,
-0.75,
-0.744,
-0.738,
-0.732,
-0.726,
-0.72,
-0.714,
-0.708,
-0.702,
-0.696,
-0.69,
-0.684,
-0.678,
-0.672,
-0.666,
-0.66,
-0.654,
-0.648,
-0.642,
-0.636,
-0.63,
-0.624,
-0.618,
-0.612,
-0.606,
-0.6,
-0.594,
-0.588,
-0.582,
-0.576,
-0.57,
-0.564,
-0.558,
-0.552,
-0.546,
-0.54,
-0.534,
-0.528,
-0.522,
-0.516,
-0.51,
-0.504,
-0.498,
-0.492,
-0.486,
-0.48,
-0.474,
-0.468,
-0.462,
-0.456,
-0.45,
-0.444,
-0.438,
-0.432,
-0.426,
-0.42,
-0.414,
-0.408,
-0.402,
-0.396,
-0.39,
-0.384,
-0.378,
-0.372,
-0.366,
-0.36,
-0.354,
-0.348,
-0.342,
-0.336,
-0.33,
-0.324,
-0.318,
-0.312,
-0.306,
-0.3,
-0.294,
-0.288,
-0.282,
-0.276,
-0.27,
-0.264,
-0.258,
-0.252,
-0.246,
-0.24,
-0.234,
-0.228,
-0.222,
-0.216,
-0.21,
-0.204,
-0.198,
-0.192,
-0.186,
-0.18,
-0.174,
-0.168,
-0.162,
-0.156,
-0.15,
-0.144,
-0.138,
-0.132,
-0.126,
-0.12,
-0.114,
-0.108,
-0.102,
-0.096,
-0.09,
-0.084,
-0.078,
-0.072,
-0.066,
-0.06,
-0.054,
-0.048,
-0.042,
-0.036,
-0.03,
-0.024,
-0.018,
-0.012,
-0.006,
0.0,
0.006,
0.012,
0.018,
0.024,
0.03,
0.036,
0.042,
0.048,
0.054,
0.06,
0.066,
0.072,
0.078,
0.084,
0.09,
0.096,
0.102,
0.108,
0.114,
0.12,
0.126,
0.132,
0.138,
0.144,
0.15,
0.156,
0.162,
0.168,
0.174,
0.18,
0.186,
0.192,
0.198,
0.204,
0.21,
0.216,
0.222,
0.228,
0.234,
0.24,
0.246,
0.252,
0.258,
0.264,
0.27,
0.276,
0.282,
0.288,
0.294,
0.3,
0.306,
0.312,
0.318,
0.324,
0.33,
0.336,
0.342,
0.348,
0.354,
0.36,
0.366,
0.372,
0.378,
0.384,
0.39,
0.396,
0.402,
0.408,
0.414,
0.42,
0.426,
0.432,
0.438,
0.444,
0.45,
0.456,
0.462,
0.468,
0.474,
0.48,
0.486,
0.492,
0.498,
0.504,
0.51,
0.516,
0.522,
0.528,
0.534,
0.54,
0.546,
0.552,
0.558,
0.564,
0.57,
0.576,
0.582,
0.588,
0.594,
0.6,
0.606,
0.612,
0.618,
0.624,
0.63,
0.636,
0.642,
0.648,
0.654,
0.66,
0.666,
0.672,
0.678,
0.684,
0.69,
0.696,
0.702,
0.708,
0.714,
0.72,
0.726,
0.732,
0.738,
0.744,
0.75,
0.756,
0.762,
0.768,
0.774,
0.78,
0.786,
0.792,
0.798,
0.804,
0.81,
0.816,
0.822,
0.828,
0.834,
0.84,
0.846,
0.852,
0.858,
0.864,
0.87,
0.876,
0.882,
0.888,
0.894,
0.9,
0.906,
0.912,
0.918,
0.924,
0.93,
0.936,
0.942,
0.948,
0.954,
0.96,
0.966,
0.972,
0.978,
0.984,
0.99,
0.996,
1.002,
1.008,
1.014,
1.02,
1.026,
1.032,
1.038,
1.044,
1.05,
1.056,
1.062,
1.068,
1.074,
1.08,
1.086,
1.092,
1.098,
1.104,
1.11,
1.116,
1.122,
1.128,
1.134,
1.14,
1.146,
1.152,
1.158,
1.164,
1.17,
1.176,
1.182,
1.188,
1.194,
1.2,
1.206,
1.212,
1.218,
1.224,
1.23,
1.236,
1.242,
1.248,
1.254,
1.26,
1.266,
1.272,
1.278,
1.284,
1.29,
1.296,
1.302,
1.308,
1.314,
1.32,
1.326,
1.332,
1.338,
1.344,
1.35,
1.356,
1.362,
1.368,
1.374,
1.38,
1.386,
1.392,
1.398,
1.404,
1.41,
1.416,
1.422,
1.428,
1.434,
1.44,
1.446,
1.452,
1.458,
1.464,
1.47,
1.476,
1.482,
1.488,
1.494,
1.5,];
cot = [
356.1263853428044,
356.25839069113215,
356.3935981559147,
356.5320034427393,
356.67360214173516,
356.81838972766343,
356.96636156001284,
357.11751288309915,
357.2718388261678,
357.4293344035026,
357.58999451453735,
357.75381394397175,
357.9207873618926,
358.09090932389825,
358.2641742712269,
358.44057653089124,
358.6201103158146,
358.8027697249736,
358.988548743544,
359.1774412430507,
359.3694409815222,
359.5645416036501,
359.76273664095163,
359.96401951193695,
360.1683835222807,
360.37582186499867,
360.58632762062643,
360.79989375740547,
361.01651313147045,
361.2361784870428,
361.45888245662763,
361.6846175612154,
361.9133762104875,
362.14515070302616,
362.37993322652903,
362.61771585802705,
362.8584905641077,
363.10224920114183,
363.348983515515,
363.59868514386255,
363.8513456133104,
364.1069563417176,
364.3655086379258,
364.6269937020112,
364.8914026255411,
365.15872639183567,
365.42895587623207,
365.70208184635464,
365.97809496238824,
366.2569857773565,
366.53874473740325,
366.8233621820792,
367.1108283446331,
367.40113335230524,
367.6942672266272,
367.99021988372476,
368.2889811346256,
368.59054068557,
368.89488813832713,
369.2020129905152,
369.5119046359248,
369.8245523648475,
370.1399453644083,
370.45807271890203,
370.778923410134,
371.10248631776506,
371.4287502196604,
371.7577037922425,
372.0893356108488,
372.4236341500924,
372.7605877842283,
373.10018478752215,
373.4424133346247,
373.7872615009485,
374.13471726305113,
374.48476849901965,
374.8374029888615,
375.19260841489836,
375.55037236216356,
375.91068231880513,
376.27352567649143,
376.6388897308211,
377.00676168173754,
377.377128633947,
377.7499775973407,
378.1252954874212,
378.50306912573205,
378.88328524029214,
379.26593046603375,
379.65099134524417,
380.03845432801245,
380.4283057726782,
380.8205319462862,
381.215119025043,
381.61205309477975,
382.0113201514167,
382.41290610143244,
382.8167967623376,
383.2229778631512,
383.6314350448821,
384.04215386101293,
384.4551197779889,
384.87031817571005,
385.287734348027,
385.7073535032407,
386.12916076460647,
386.5531411708406,
386.97927967663134,
387.40756115315423,
387.83797038858995,
388.2704920886465,
388.70511087708496,
389.1418112962491,
389.5805778075978,
390.02139479224286,
390.46424655148803,
390.90911730737366,
391.3559912032239,
391.8048523041979,
392.25568459784427,
392.70847199465913,
393.1631983286479,
393.6198473578904,
394.07840276510956,
394.538848158243,
395.0011670710194,
395.46534296353684,
395.9313592228456,
396.3991991635337,
396.86884602831617,
397.3402829886277,
397.81349314521856,
398.28845952875326,
398.76516510041426,
399.2435927525065,
399.7237253090676,
400.20554552647957,
400.6890360940846,
401.1741796348041,
401.66095870576,
402.14935579890107,
402.63935334163034,
403.1309336974373,
403.6240791665316,
404.1187719864819,
404.61499433285564,
405.1127283198638,
405.6119560010071,
406.112659369726,
406.61482036005395,
407.11842084727334,
407.6234426485735,
408.1298675237133,
408.63767717568555,
409.1468532513843,
409.6573773422756,
410.1692309850707,
410.68239566240175,
411.1968528035012,
411.7125837848828,
412.22956993102684,
412.7477925150663,
413.267232759477,
413.7878718367708,
414.30969087018946,
414.83267093440315,
415.3567930562109,
415.8820382152429,
416.4083873446672,
416.9358213318959,
417.4643210192975,
417.9938672049086,
418.52444064315023,
419.0560220455451,
419.58859208143804,
420.1221313787189,
420.6566205245473,
421.19204006608004,
421.7283705112004,
422.2655923292506,
422.8036859517655,
423.34263177320884,
423.88241015171195,
424.4230014098147,
424.9643858352074,
425.5065436814765,
426.0494551688514,
426.5931004849532,
427.13745978554584,
427.68251319528906,
428.2282408084933,
428.7746226898771,
429.32163887532477,
429.8692693726482,
430.4174941623486,
430.9662931983811,
431.5156464089207,
432.0655336971299,
432.6159349419287,
433.16682999876537,
433.71819870038905,
434.27002085762547,
434.82227626015117,
435.37494467727277,
435.9280058587051,
436.48143953535214,
437.03522542008943,
437.5893432085471,
438.14377257989497,
438.69849319762886,
439.25348471035863,
439.80872675259604,
440.36419894554615,
440.91988089789777,
441.47575220661656,
442.0317924577388,
442.5879812271661,
443.14429808146144,
443.7007225786464,
444.2572342689988,
444.8138126958521,
445.3704373963958,
445.9270879024755,
