z = [
-1.5,
-1.494,
-1.488,
-1.482,
-1.476,
-1.47,
-1.464,
-1.458,
-1.452,
-1.446,
-1.44,
-1.434,
-1.428,
-1.422,
-1.416,
-1.41,
-1.404,
-1.398,
-1.392,
-1.386,
-1.38,
-1.374,
-1.368,
-1.362,
-1.356,
-1.35,
-1.344,
-1.338,
-1.332,
-1.326,
-1.32,
-1.314,
-1.308,
-1.302,
-1.296,
-1.29,
-1.284,
-1.278,
-1.272,
-1.266,
-1.26,
-1.254,
-1.248,
-1.242,
-1.236,
-1.23,
-1.224,
-1.218,
-1.212,
-1.206,
-1.2,
-1.194,
-1.188,
-1.182,
-1.176,
-1.17,
-1.164,
-1.158,
-1.152,
-1.146,
-1.14,
-1.134,
-1.128,
-1.122,
-1.116,
-1.11,
-1.104,
-1.098,
-1.092,
-1.086,
-1.08,
-1.074,
-1.068,
-1.062,
-1.056,
-1.05,
-1.044,
-1.038,
-1.032,
-1.026,
-1.02,
-1.014,
-1.008,
-1.002,
-0.996,
-0.99,
-0.984,
-0.978,
-0.972,
-0.966,
-0.96,
-0.954,
-0.948,
-0.942,
-0.936,
-0.93,
-0.924,
-0.918,
-0.912,
-0.906,
-0.9,
-0.894,
-0.888,
-0.882,
-0.876,
-0.87,
-0.864,
-0.858,
-0.852,
-0.846,
-0.84,
-0.834,
-0.828,
-0.822,
-0.816,
-0.81,
-0.804,
-0.798,
-0.792,
-0.786,
-0.78,
-0.774,
-0.768,
-0.762,
-0.756,
-0.75,
-0.744,
-0.738,
-0.732,
-0.726,
-0.72,
-0.714,
-0.708,
-0.702,
-0.696,
-0.69,
-0.684,
-0.678,
-0.672,
-0.666,
-0.66,
-0.654,
-0.648,
-0.642,
-0.636,
-0.63,
-0.624,
-0.618,
-0.612,
-0.606,
-0.6,
-0.594,
-0.588,
-0.582,
-0.576,
-0.57,
-0.564,
-0.558,
-0.552,
-0.546,
-0.54,
-0.534,
-0.528,
-0.522,
-0.516,
-0.51,
-0.504,
-0.498,
-0.492,
-0.486,
-0.48,
-0.474,
-0.468,
-0.462,
-0.456,
-0.45,
-0.444,
-0.438,
-0.432,
-0.426,
-0.42,
-0.414,
-0.408,
-0.402,
-0.396,
-0.39,
-0.384,
-0.378,
-0.372,
-0.366,
-0.36,
-0.354,
-0.348,
-0.342,
-0.336,
-0.33,
-0.324,
-0.318,
-0.312,
-0.306,
-0.3,
-0.294,
-0.288,
-0.282,
-0.276,
-0.27,
-0.264,
-0.258,
-0.252,
-0.246,
-0.24,
-0.234,
-0.228,
-0.222,
-0.216,
-0.21,
-0.204,
-0.198,
-0.192,
-0.186,
-0.18,
-0.174,
-0.168,
-0.162,
-0.156,
-0.15,
-0.144,
-0.138,
-0.132,
-0.126,
-0.12,
-0.114,
-0.108,
-0.102,
-0.096,
-0.09,
-0.084,
-0.078,
-0.072,
-0.066,
-0.06,
-0.054,
-0.048,
-0.042,
-0.036,
-0.03,
-0.024,
-0.018,
-0.012,
-0.006,
0.0,
0.006,
0.012,
0.018,
0.024,
0.03,
0.036,
0.042,
0.048,
0.054,
0.06,
0.066,
0.072,
0.078,
0.084,
0.09,
0.096,
0.102,
0.108,
0.114,
0.12,
0.126,
0.132,
0.138,
0.144,
0.15,
0.156,
0.162,
0.168,
0.174,
0.18,
0.186,
0.192,
0.198,
0.204,
0.21,
0.216,
0.222,
0.228,
0.234,
0.24,
0.246,
0.252,
0.258,
0.264,
0.27,
0.276,
0.282,
0.288,
0.294,
0.3,
0.306,
0.312,
0.318,
0.324,
0.33,
0.336,
0.342,
0.348,
0.354,
0.36,
0.366,
0.372,
0.378,
0.384,
0.39,
0.396,
0.402,
0.408,
0.414,
0.42,
0.426,
0.432,
0.438,
0.444,
0.45,
0.456,
0.462,
0.468,
0.474,
0.48,
0.486,
0.492,
0.498,
0.504,
0.51,
0.516,
0.522,
0.528,
0.534,
0.54,
0.546,
0.552,
0.558,
0.564,
0.57,
0.576,
0.582,
0.588,
0.594,
0.6,
0.606,
0.612,
0.618,
0.624,
0.63,
0.636,
0.642,
0.648,
0.654,
0.66,
0.666,
0.672,
0.678,
0.684,
0.69,
0.696,
0.702,
0.708,
0.714,
0.72,
0.726,
0.732,
0.738,
0.744,
0.75,
0.756,
0.762,
0.768,
0.774,
0.78,
0.786,
0.792,
0.798,
0.804,
0.81,
0.816,
0.822,
0.828,
0.834,
0.84,
0.846,
0.852,
0.858,
0.864,
0.87,
0.876,
0.882,
0.888,
0.894,
0.9,
0.906,
0.912,
0.918,
0.924,
0.93,
0.936,
0.942,
0.948,
0.954,
0.96,
0.966,
0.972,
0.978,
0.984,
0.99,
0.996,
1.002,
1.008,
1.014,
1.02,
1.026,
1.032,
1.038,
1.044,
1.05,
1.056,
1.062,
1.068,
1.074,
1.08,
1.086,
1.092,
1.098,
1.104,
1.11,
1.116,
1.122,
1.128,
1.134,
1.14,
1.146,
1.152,
1.158,
1.164,
1.17,
1.176,
1.182,
1.188,
1.194,
1.2,
1.206,
1.212,
1.218,
1.224,
1.23,
1.236,
1.242,
1.248,
1.254,
1.26,
1.266,
1.272,
1.278,
1.284,
1.29,
1.296,
1.302,
1.308,
1.314,
1.32,
1.326,
1.332,
1.338,
1.344,
1.35,
1.356,
1.362,
1.368,
1.374,
1.38,
1.386,
1.392,
1.398,
1.404,
1.41,
1.416,
1.422,
1.428,
1.434,
1.44,
1.446,
1.452,
1.458,
1.464,
1.47,
1.476,
1.482,
1.488,
1.494,
1.5,];
cze = [
355.0,
355.0187560493114,
355.03894765187897,
355.060574084879,
355.0836345741235,
355.1081282940878,
355.13405436793994,
355.1614118675724,
355.1901998136352,
355.2204171755708,
355.2520628716511,
355.28513576901605,
355.31963468371464,
355.35555838074674,
355.39290557410754,
355.4316749268336,
355.4718650510506,
355.5134745080235,
355.55650180820714,
355.60094541130036,
355.64680372630085,
355.69407511156214,
355.74275787485215,
355.7928502734143,
355.8443505140292,
355.89725675307955,
355.95156709661546,
356.00727960042275,
356.0643922700925,
356.1229030610922,
356.18280987883895,
356.2441105787748,
356.3068029664431,
356.37088479756744,
356.43635377813143,
356.5032075644617,
356.571443763311,
356.6410599319439,
356.7120535782251,
356.78442216070744,
356.8581630887238,
356.9332737224796,
357.00975137314686,
357.0875933029612,
357.1667967253193,
357.2473588048787,
357.3292766576594,
357.4125473511476,
357.4971679043996,
357.5831352881494,
357.6704464249167,
357.7590981891175,
357.8490874071754,
357.9404108576356,
358.0330652712804,
358.12704733124554,
358.22235367313976,
358.3189808851647,
358.416925508237,
358.5161840361126,
358.6167529155118,
358.7186285462468,
358.8218072813502,
358.9262854272059,
359.03205924368126,
359.13912494426074,
359.2474786961818,
359.3571166205719,
359.46803479258733,
359.58022924155375,
359.69369595110857,
359.8084308593443,
359.92442985895434,
360.0416887973797,
360.16020347695803,
360.2799696550735,
360.40098304430876,
360.52323931259866,
360.64673408338535,
360.77146293577437,
360.89742140469366,
361.0246049810529,
361.15300911190513,
361.2826292006098,
361.413460606997,
361.5454986475339,
361.6787385954924,
361.8131756811182,
361.9488050918013,
362.0856219722492,
362.2236214246594,
362.36279850889593,
362.50314824266536,
362.6446656016956,
362.7873455199157,
362.93118288963694,
363.07617256173626,
363.2223093458399,
363.36958801050946,
363.5180032834296,
363.66754985159616,
363.8182223615066,
363.97001541935174,
364.12292359120863,
364.27694140323547,
364.4320633418672,
364.58828385401273,
364.7455973472544,
364.90399819004733,
365.0634807119218,
365.22403920368583,
365.38566791762946,
365.54836106773087,
365.71211282986303,
365.8769173420028,
366.0427687044403,
366.2096609799902,
366.37758819420435,
366.54654433558574,
366.7165233558035,
366.8875191699095,
367.0595256565563,
367.23253665821596,
367.4065459814009,
367.5815473968852,
367.7575346399278,
367.9345014104971,
368.1124413734958,
368.29134815898806,
368.47121536242764,
368.65203654488687,
368.83380523328753,
369.0165149206322,
369.20015906623746,
369.38473109596794,
369.57022440247135,
369.75663234541594,
369.9439482517271,
370.13216541582676,
370.32127709987367,
370.5112765340042,
370.70215691657484,
370.8939114144056,
371.086533163025,
371.28001526691514,
371.47435079975935,
371.6695328046892,
371.8655542945345,
372.0624082520727,
372.2600876302806,
372.45858535258617,
372.6578943131225,
372.85800737698116,
373.05891738046887,
373.260617131363,
373.46309940916933,
373.6663569653808,
373.87038252373645,
374.0751687804825,
374.2807084046333,
374.486994038234,
374.694018296624,
374.90177376870133,
375.1102530171877,
375.31944857889494,
375.5293529649922,
375.7399586612738,
375.95125812842866,
376.1632438023098,
376.3759080942052,
376.58924339110956,
376.80324205599675,
377.0178964280934,
377.23319882315286,
377.4491415337302,
377.6657168294588,
377.8829169573263,
378.10073414195233,
378.3191605858674,
378.53818846979107,
378.757809952913,
378.9780171731726,
379.19880224754127,
379.42015727230375,
379.6420743233422,
379.8645454564188,
380.0875627074606,
380.3111180928448,
380.53520360968434,
380.75981123611405,
380.98493293157856,
381.21056063711944,
381.43668627566433,
381.6633017523154,
381.89039895463964,
382.1179697529591,
382.346006000642,
382.57449953439414,
382.8034421745515,
383.0328257253726,
383.26264197533226,
383.49288269741555,
383.72353964941215,
383.9546045742111,
384.1860692000972,
384.41792524104653,
384.650164397023,
384.88277835427584,
385.115758785637,
385.34909735081953,
385.58278569671563,
385.81681545769607,
386.05117825590946,
386.2858657015827,
386.52086939332025,
386.7561809184059,
386.99179185310356,
387.2276937629588,
387.46387820310053,
387.7003367185439,
387.9370608444925,
388.17404210664154,
388.4112720214813,
388.6487420966006,
