z = [
-1.5,
-1.494,
-1.488,
-1.482,
-1.476,
-1.47,
-1.464,
-1.458,
-1.452,
-1.446,
-1.44,
-1.434,
-1.428,
-1.422,
-1.416,
-1.41,
-1.404,
-1.398,
-1.392,
-1.386,
-1.38,
-1.374,
-1.368,
-1.362,
-1.356,
-1.35,
-1.344,
-1.338,
-1.332,
-1.326,
-1.32,
-1.314,
-1.308,
-1.302,
-1.296,
-1.29,
-1.284,
-1.278,
-1.272,
-1.266,
-1.26,
-1.254,
-1.248,
-1.242,
-1.236,
-1.23,
-1.224,
-1.218,
-1.212,
-1.206,
-1.2,
-1.194,
-1.188,
-1.182,
-1.176,
-1.17,
-1.164,
-1.158,
-1.152,
-1.146,
-1.14,
-1.134,
-1.128,
-1.122,
-1.116,
-1.11,
-1.104,
-1.098,
-1.092,
-1.086,
-1.08,
-1.074,
-1.068,
-1.062,
-1.056,
-1.05,
-1.044,
-1.038,
-1.032,
-1.026,
-1.02,
-1.014,
-1.008,
-1.002,
-0.996,
-0.99,
-0.984,
-0.978,
-0.972,
-0.966,
-0.96,
-0.954,
-0.948,
-0.942,
-0.936,
-0.93,
-0.924,
-0.918,
-0.912,
-0.906,
-0.9,
-0.894,
-0.888,
-0.882,
-0.876,
-0.87,
-0.864,
-0.858,
-0.852,
-0.846,
-0.84,
-0.834,
-0.828,
-0.822,
-0.816,
-0.81,
-0.804,
-0.798,
-0.792,
-0.786,
-0.78,
-0.774,
-0.768,
-0.762,
-0.756,
-0.75,
-0.744,
-0.738,
-0.732,
-0.726,
-0.72,
-0.714,
-0.708,
-0.702,
-0.696,
-0.69,
-0.684,
-0.678,
-0.672,
-0.666,
-0.66,
-0.654,
-0.648,
-0.642,
-0.636,
-0.63,
-0.624,
-0.618,
-0.612,
-0.606,
-0.6,
-0.594,
-0.588,
-0.582,
-0.576,
-0.57,
-0.564,
-0.558,
-0.552,
-0.546,
-0.54,
-0.534,
-0.528,
-0.522,
-0.516,
-0.51,
-0.504,
-0.498,
-0.492,
-0.486,
-0.48,
-0.474,
-0.468,
-0.462,
-0.456,
-0.45,
-0.444,
-0.438,
-0.432,
-0.426,
-0.42,
-0.414,
-0.408,
-0.402,
-0.396,
-0.39,
-0.384,
-0.378,
-0.372,
-0.366,
-0.36,
-0.354,
-0.348,
-0.342,
-0.336,
-0.33,
-0.324,
-0.318,
-0.312,
-0.306,
-0.3,
-0.294,
-0.288,
-0.282,
-0.276,
-0.27,
-0.264,
-0.258,
-0.252,
-0.246,
-0.24,
-0.234,
-0.228,
-0.222,
-0.216,
-0.21,
-0.204,
-0.198,
-0.192,
-0.186,
-0.18,
-0.174,
-0.168,
-0.162,
-0.156,
-0.15,
-0.144,
-0.138,
-0.132,
-0.126,
-0.12,
-0.114,
-0.108,
-0.102,
-0.096,
-0.09,
-0.084,
-0.078,
-0.072,
-0.066,
-0.06,
-0.054,
-0.048,
-0.042,
-0.036,
-0.03,
-0.024,
-0.018,
-0.012,
-0.006,
0.0,
0.006,
0.012,
0.018,
0.024,
0.03,
0.036,
0.042,
0.048,
0.054,
0.06,
0.066,
0.072,
0.078,
0.084,
0.09,
0.096,
0.102,
0.108,
0.114,
0.12,
0.126,
0.132,
0.138,
0.144,
0.15,
0.156,
0.162,
0.168,
0.174,
0.18,
0.186,
0.192,
0.198,
0.204,
0.21,
0.216,
0.222,
0.228,
0.234,
0.24,
0.246,
0.252,
0.258,
0.264,
0.27,
0.276,
0.282,
0.288,
0.294,
0.3,
0.306,
0.312,
0.318,
0.324,
0.33,
0.336,
0.342,
0.348,
0.354,
0.36,
0.366,
0.372,
0.378,
0.384,
0.39,
0.396,
0.402,
0.408,
0.414,
0.42,
0.426,
0.432,
0.438,
0.444,
0.45,
0.456,
0.462,
0.468,
0.474,
0.48,
0.486,
0.492,
0.498,
0.504,
0.51,
0.516,
0.522,
0.528,
0.534,
0.54,
0.546,
0.552,
0.558,
0.564,
0.57,
0.576,
0.582,
0.588,
0.594,
0.6,
0.606,
0.612,
0.618,
0.624,
0.63,
0.636,
0.642,
0.648,
0.654,
0.66,
0.666,
0.672,
0.678,
0.684,
0.69,
0.696,
0.702,
0.708,
0.714,
0.72,
0.726,
0.732,
0.738,
0.744,
0.75,
0.756,
0.762,
0.768,
0.774,
0.78,
0.786,
0.792,
0.798,
0.804,
0.81,
0.816,
0.822,
0.828,
0.834,
0.84,
0.846,
0.852,
0.858,
0.864,
0.87,
0.876,
0.882,
0.888,
0.894,
0.9,
0.906,
0.912,
0.918,
0.924,
0.93,
0.936,
0.942,
0.948,
0.954,
0.96,
0.966,
0.972,
0.978,
0.984,
0.99,
0.996,
1.002,
1.008,
1.014,
1.02,
1.026,
1.032,
1.038,
1.044,
1.05,
1.056,
1.062,
1.068,
1.074,
1.08,
1.086,
1.092,
1.098,
1.104,
1.11,
1.116,
1.122,
1.128,
1.134,
1.14,
1.146,
1.152,
1.158,
1.164,
1.17,
1.176,
1.182,
1.188,
1.194,
1.2,
1.206,
1.212,
1.218,
1.224,
1.23,
1.236,
1.242,
1.248,
1.254,
1.26,
1.266,
1.272,
1.278,
1.284,
1.29,
1.296,
1.302,
1.308,
1.314,
1.32,
1.326,
1.332,
1.338,
1.344,
1.35,
1.356,
1.362,
1.368,
1.374,
1.38,
1.386,
1.392,
1.398,
1.404,
1.41,
1.416,
1.422,
1.428,
1.434,
1.44,
1.446,
1.452,
1.458,
1.464,
1.47,
1.476,
1.482,
1.488,
1.494,
1.5,];
cz = [
355.0,
355.04230831842006,
355.08785483712734,
355.1366379256373,
355.18865583760146,
355.24390671087076,
355.3023885675616,
355.3640993141272,
355.4290367414319,
355.49719852483065,
355.5685822242525,
355.64318528428703,
355.7210050342769,
355.80203868841284,
355.88628334583325,
355.97373599072864,
356.06439349244897,
356.1582526056161,
356.2553099702401,
356.3555621118388,
356.45900544156314,
356.56563625632486,
356.6754507389296,
356.7884449582133,
356.9046148691825,
357.0239563131605,
357.14646501793436,
357.2721365979095,
357.40096655426566,
357.53295027511854,
357.6680830356843,
357.80635999844935,
357.9477762133431,
358.09232661791543,
358.24000603751756,
358.3908091854877,
358.5447306633399,
358.7017649609578,
358.8619064567914,
359.0251494180585,
359.19148800095013,
359.3609162508392,
359.5334281024943,
359.7090173802965,
359.8876777984601,
360.0694029612588,
360.254186363253,
360.44202138952403,
360.6329013159103,
360.82681930924844,
361.02376842761726,
361.2237416205869,
361.42673172947104,
361.632731487583,
361.84173352049595,
362.053730346307,
362.268714375905,
362.48667791324215,
362.70761315560947,
362.9315121939162,
363.15836701297326,
363.3881694917794,
363.62091140381267,
363.8565844173245,
364.09518009563794,
364.33668989745,
364.5811051771374,
364.8284171850654,
365.078617067902,
365.33169586893393,
365.5876445283882,
365.84645388375566,
366.10811467011945,
366.3726175204864,
366.6399529661227,
366.9101114368924,
367.18308326160036,
367.4588586683384,
367.73742778483495,
368.0187806388086,
368.3029071583252,
368.5897971721581,
368.8794404101525,
369.171826503593,
369.4669449855751,
369.7647852913792,
370.06533675884964,
370.3685886287757,
370.67453004527704,
370.98315005619236,
371.2944376134716,
371.6083815735709,
371.92497069785236,
372.24419365298525,
372.5660390113529,
372.8904952514612,
373.2175507583506,
373.5471938240131,
373.87941264781,
374.2141953368956,
374.55152990664203,
374.8914042810686,
375.23380629327426,
375.5787236858729,
375.9261441114322,
376.2760551329159,
376.62844422412866,
376.98329877016454,
377.34060606785874,
377.7003533262425,
378.0625276670006,
378.42711612493247,
378.7941056484167,
379.16348309987757,
379.5352352562562,
379.9093488094833,
380.2858103669556,
380.66460645201573,
381.045723504434,
381.4291478808947,
381.8148658554834,
382.2028636201794,
382.5931272853493,
382.98564288024465,
383.3803963535016,
383.7773735736446,
384.17656032959155,
384.57794233116306,
384.98150520959393,
385.3872345180472,
385.79511573213165,
386.2051342504218,
386.6172753949801,
387.03152441188297,
387.44786647174885,
387.86628667026866,
388.28677002873985,
388.7093014946023,
389.13386594197743,
389.56044817220914,
389.98903291440865,
390.41960482600064,
390.8521484932727,
391.286648431927,
391.72308908763466,
392.1614548365925,
392.60172998608266,
393.0438987750339,
393.48794537458593,
393.9338538886565,
394.3816083545099,
394.83119274332864,
395.28259096078716,
395.73578684762833,
396.1907641802412,
396.64750667124247,
397.10599797005943,
397.56622166351485,
398.02816127641495,
398.49180027213913,
398.95712205323196,
399.42410996199703,
399.89274728109353,
400.3630172341351,
400.8349029862894,
401.3083876448818,
401.7834542599993,
402.2600858250978,
402.73826527761094,
403.21797549956045,
403.69919931816935,
404.18191950647645,
404.6661187839535,
405.15177981712316,
405.6388852201799,
406.1274175556123,
406.61735933482737,
407.10869301877653,
407.60140101858326,
408.0954656961733,
408.5908693649054,
409.08759429020495,
409.58562269019876,
410.08493673635144,
410.5855185541038,
411.08735022351266,
411.5904137798923,
412.0946912144577,
412.60016447496923,
413.10681546637863,
413.6146260514769,
414.123578051544,
414.63365324699885,
415.1448333780522,
415.6571001453601,
416.17043521067876,
416.6848201975213,
417.20023669181546,
417.71666624256295,
418.23409036249984,
418.75249052875813,
419.2718481835295,
419.79214473472894,
420.31336155666065,
420.8354799906849,
421.3584813458856,
421.88234689974,
422.40705789878825,
422.93259555930524,
423.45894106797255,
423.98607558255276,
424.513980232563,
425.042636119951,
425.5720243197716,
426.10212588086404,
426.6329218265307,
427.164393155216,
427.69652084118684,
428.229285835214,
428.76266906525336,
429.2966514371292,
429.8312138352178,
430.3663371231311,
430.90200214440245,
