z = [
-1.5,
-1.494,
-1.488,
-1.482,
-1.476,
-1.47,
-1.464,
-1.458,
-1.452,
-1.446,
-1.44,
-1.434,
-1.428,
-1.422,
-1.416,
-1.41,
-1.404,
-1.398,
-1.392,
-1.386,
-1.38,
-1.374,
-1.368,
-1.362,
-1.356,
-1.35,
-1.344,
-1.338,
-1.332,
-1.326,
-1.32,
-1.314,
-1.308,
-1.302,
-1.296,
-1.29,
-1.284,
-1.278,
-1.272,
-1.266,
-1.26,
-1.254,
-1.248,
-1.242,
-1.236,
-1.23,
-1.224,
-1.218,
-1.212,
-1.206,
-1.2,
-1.194,
-1.188,
-1.182,
-1.176,
-1.17,
-1.164,
-1.158,
-1.152,
-1.146,
-1.14,
-1.134,
-1.128,
-1.122,
-1.116,
-1.11,
-1.104,
-1.098,
-1.092,
-1.086,
-1.08,
-1.074,
-1.068,
-1.062,
-1.056,
-1.05,
-1.044,
-1.038,
-1.032,
-1.026,
-1.02,
-1.014,
-1.008,
-1.002,
-0.996,
-0.99,
-0.984,
-0.978,
-0.972,
-0.966,
-0.96,
-0.954,
-0.948,
-0.942,
-0.936,
-0.93,
-0.924,
-0.918,
-0.912,
-0.906,
-0.9,
-0.894,
-0.888,
-0.882,
-0.876,
-0.87,
-0.864,
-0.858,
-0.852,
-0.846,
-0.84,
-0.834,
-0.828,
-0.822,
-0.816,
-0.81,
-0.804,
-0.798,
-0.792,
-0.786,
-0.78,
-0.774,
-0.768,
-0.762,
-0.756,
-0.75,
-0.744,
-0.738,
-0.732,
-0.726,
-0.72,
-0.714,
-0.708,
-0.702,
-0.696,
-0.69,
-0.684,
-0.678,
-0.672,
-0.666,
-0.66,
-0.654,
-0.648,
-0.642,
-0.636,
-0.63,
-0.624,
-0.618,
-0.612,
-0.606,
-0.6,
-0.594,
-0.588,
-0.582,
-0.576,
-0.57,
-0.564,
-0.558,
-0.552,
-0.546,
-0.54,
-0.534,
-0.528,
-0.522,
-0.516,
-0.51,
-0.504,
-0.498,
-0.492,
-0.486,
-0.48,
-0.474,
-0.468,
-0.462,
-0.456,
-0.45,
-0.444,
-0.438,
-0.432,
-0.426,
-0.42,
-0.414,
-0.408,
-0.402,
-0.396,
-0.39,
-0.384,
-0.378,
-0.372,
-0.366,
-0.36,
-0.354,
-0.348,
-0.342,
-0.336,
-0.33,
-0.324,
-0.318,
-0.312,
-0.306,
-0.3,
-0.294,
-0.288,
-0.282,
-0.276,
-0.27,
-0.264,
-0.258,
-0.252,
-0.246,
-0.24,
-0.234,
-0.228,
-0.222,
-0.216,
-0.21,
-0.204,
-0.198,
-0.192,
-0.186,
-0.18,
-0.174,
-0.168,
-0.162,
-0.156,
-0.15,
-0.144,
-0.138,
-0.132,
-0.126,
-0.12,
-0.114,
-0.108,
-0.102,
-0.096,
-0.09,
-0.084,
-0.078,
-0.072,
-0.066,
-0.06,
-0.054,
-0.048,
-0.042,
-0.036,
-0.03,
-0.024,
-0.018,
-0.012,
-0.006,
0.0,
0.006,
0.012,
0.018,
0.024,
0.03,
0.036,
0.042,
0.048,
0.054,
0.06,
0.066,
0.072,
0.078,
0.084,
0.09,
0.096,
0.102,
0.108,
0.114,
0.12,
0.126,
0.132,
0.138,
0.144,
0.15,
0.156,
0.162,
0.168,
0.174,
0.18,
0.186,
0.192,
0.198,
0.204,
0.21,
0.216,
0.222,
0.228,
0.234,
0.24,
0.246,
0.252,
0.258,
0.264,
0.27,
0.276,
0.282,
0.288,
0.294,
0.3,
0.306,
0.312,
0.318,
0.324,
0.33,
0.336,
0.342,
0.348,
0.354,
0.36,
0.366,
0.372,
0.378,
0.384,
0.39,
0.396,
0.402,
0.408,
0.414,
0.42,
0.426,
0.432,
0.438,
0.444,
0.45,
0.456,
0.462,
0.468,
0.474,
0.48,
0.486,
0.492,
0.498,
0.504,
0.51,
0.516,
0.522,
0.528,
0.534,
0.54,
0.546,
0.552,
0.558,
0.564,
0.57,
0.576,
0.582,
0.588,
0.594,
0.6,
0.606,
0.612,
0.618,
0.624,
0.63,
0.636,
0.642,
0.648,
0.654,
0.66,
0.666,
0.672,
0.678,
0.684,
0.69,
0.696,
0.702,
0.708,
0.714,
0.72,
0.726,
0.732,
0.738,
0.744,
0.75,
0.756,
0.762,
0.768,
0.774,
0.78,
0.786,
0.792,
0.798,
0.804,
0.81,
0.816,
0.822,
0.828,
0.834,
0.84,
0.846,
0.852,
0.858,
0.864,
0.87,
0.876,
0.882,
0.888,
0.894,
0.9,
0.906,
0.912,
0.918,
0.924,
0.93,
0.936,
0.942,
0.948,
0.954,
0.96,
0.966,
0.972,
0.978,
0.984,
0.99,
0.996,
1.002,
1.008,
1.014,
1.02,
1.026,
1.032,
1.038,
1.044,
1.05,
1.056,
1.062,
1.068,
1.074,
1.08,
1.086,
1.092,
1.098,
1.104,
1.11,
1.116,
1.122,
1.128,
1.134,
1.14,
1.146,
1.152,
1.158,
1.164,
1.17,
1.176,
1.182,
1.188,
1.194,
1.2,
1.206,
1.212,
1.218,
1.224,
1.23,
1.236,
1.242,
1.248,
1.254,
1.26,
1.266,
1.272,
1.278,
1.284,
1.29,
1.296,
1.302,
1.308,
1.314,
1.32,
1.326,
1.332,
1.338,
1.344,
1.35,
1.356,
1.362,
1.368,
1.374,
1.38,
1.386,
1.392,
1.398,
1.404,
1.41,
1.416,
1.422,
1.428,
1.434,
1.44,
1.446,
1.452,
1.458,
1.464,
1.47,
1.476,
1.482,
1.488,
1.494,
1.5,];
czc = [
355.0,
355.0315875803145,
355.065592815489,
355.10201448819646,
355.1408512946052,
355.1821018444265,
355.2257646609635,
355.27183818116464,
355.32032075567963,
355.371210648918,
355.4245060391115,
355.4802050183797,
355.53830559279766,
355.5988056824674,
355.66170312159306,
355.7269956585576,
355.7946809560036,
355.8647565909173,
355.937220054715,
356.01206875333276,
356.08930000731993,
356.16891105193406,
356.25089903724063,
356.3352610282151,
356.4219940048472,
356.51109486225005,
356.6025604107705,
356.69638737610387,
356.7925723994109,
356.8911120374379,
356.99200276264025,
357.09524096330847,
357.20082294369774,
357.30874492416,
357.4190030412793,
357.53159334801035,
357.6465118138192,
357.76375432482814,
357.8833166839629,
358.0051946111025,
358.129383743233,
358.25587963460316,
358.3846777568839,
358.5157734993303,
358.649162168947,
358.78483899065554,
358.9227991074657,
359.06303758064973,
359.20554938991836,
359.3503294336009,
359.4973725288281,
359.6466734117174,
359.79822673756144,
359.9520270810193,
360.1080689363108,
360.26634671741374,
360.42685475826374,
360.58958731295684,
360.7545385559557,
360.9217025822977,
361.09107340780645,
361.2626449693063,
361.43641112483886,
361.6123656538832,
361.79050225757874,
361.9708145589502,
362.1532961031364,
362.33794035762094,
362.52474071246627,
362.7136904805503,
362.9047828978057,
363.098011123462,
363.2933682402909,
363.4908472548532,
363.6904410977497,
363.89214262387407,
364.0959446126685,
364.3018397683826,
364.5098207203341,
364.7198800231731,
364.93201015714817,
365.1462035283761,
365.362452469113,
365.5807492380296,
365.801086020488,
366.02345492882125,
366.2478480026159,
366.4742572089971,
366.70267444291596,
366.9330915274396,
367.1655002140444,
367.39989218291043,
367.6362590432202,
367.8745923334583,
368.11488352171466,
368.35712400599016,
368.60130511450404,
368.84741810600485,
369.0954541700829,
369.3454044274863,
369.5972599304379,
369.85101166295647,
370.1066505411791,
370.36416741368646,
370.62355306182997,
370.88479820006273,
371.14789347627107,
371.4128294721096,
371.6795967033386,
371.94818562016326,
372.21858660757573,
372.49078998569917,
372.76478601013434,
373.04056487230855,
373.3181166998264,
373.59743155682384,
373.8784994443233,
374.1613103005917,
374.44585400150083,
374.73212036089,
375.0200991309299,
375.30978000249036,
375.6011526055088,
375.89420650936165,
376.1889312232378,
376.48531619651396,
376.7833508191328,
377.08302442198203,
377.3843262772773,
377.6872455989452,
377.99177154301003,
378.29789320798216,
378.6055996352476,
378.9148798094608,
379.2257226589388,
379.5381170560578,
379.85205181765116,
380.1675157054101,
380.48449742628554,
380.80298563289307,
381.1229689239183,
381.44443584452586,
381.7673748867687,
382.09177449000083,
382.41762304129054,
382.74490887583613,
383.0736202773842,
383.40374547864803,
383.7352726617298,
384.06818995854314,
384.4024854512379,
384.738147172627,
385.0751631066149,
385.41352118862756,
385.7532093060445,
386.0942152986321,
386.43652695897947,
386.78013203293506,
387.12501822004504,
387.47117317399443,
387.81858450304844,
388.1672397704963,
388.51712649509636,
388.86823215152333,
389.22054417081574,
389.5740499408271,
389.9287368066763,
390.28459207120125,
390.6416029954132,
390.99975679895294,
391.3590406605481,
391.71944171847224,
392.0809470710054,
392.4435437768956,
392.8072188558225,
393.1719592888619,
393.53775201895166,
393.90458395135965,
394.27244195415165,
394.6413128586622,
395.0111834599659,
395.38204051734954,
395.7538707547868,
396.12666086141337,
396.5003974920031,
396.87506726744596,
397.2506567752272,
397.6271525699069,
398.0045411736021,
398.38280907646856,
398.76194273718477,
399.14192858343665,
399.5227530124034,
399.9044023912445,
400.2868630575874,
400.6701213200173,
401.05416345856645,
401.4389757252061,
401.82454434433794,
402.2108555132879,
402.59789540279985,
402.9856501575306,
403.3741058965461,
403.76324871381837,
404.15306467872324,
404.54353983653914,
404.9346602089462,
405.32641179452753,
405.7187805692695,
406.11175248706434,
406.505313480213,
406.8994494599282,
407.2941463168394,
407.6893899214979,
408.08516612488177,
408.4814607589035,
408.8782596369166,
409.2755485542233,
409.6733132885836,
410.0715396007238,
410.4702132348467,
410.86931991914173,
411.2688453662961,
411.6687752740055,
