z = [
-1.5,
-1.494,
-1.488,
-1.482,
-1.476,
-1.47,
-1.464,
-1.458,
-1.452,
-1.446,
-1.44,
-1.434,
-1.428,
-1.422,
-1.416,
-1.41,
-1.404,
-1.398,
-1.392,
-1.386,
-1.38,
-1.374,
-1.368,
-1.362,
-1.356,
-1.35,
-1.344,
-1.338,
-1.332,
-1.326,
-1.32,
-1.314,
-1.308,
-1.302,
-1.296,
-1.29,
-1.284,
-1.278,
-1.272,
-1.266,
-1.26,
-1.254,
-1.248,
-1.242,
-1.236,
-1.23,
-1.224,
-1.218,
-1.212,
-1.206,
-1.2,
-1.194,
-1.188,
-1.182,
-1.176,
-1.17,
-1.164,
-1.158,
-1.152,
-1.146,
-1.14,
-1.134,
-1.128,
-1.122,
-1.116,
-1.11,
-1.104,
-1.098,
-1.092,
-1.086,
-1.08,
-1.074,
-1.068,
-1.062,
-1.056,
-1.05,
-1.044,
-1.038,
-1.032,
-1.026,
-1.02,
-1.014,
-1.008,
-1.002,
-0.996,
-0.99,
-0.984,
-0.978,
-0.972,
-0.966,
-0.96,
-0.954,
-0.948,
-0.942,
-0.936,
-0.93,
-0.924,
-0.918,
-0.912,
-0.906,
-0.9,
-0.894,
-0.888,
-0.882,
-0.876,
-0.87,
-0.864,
-0.858,
-0.852,
-0.846,
-0.84,
-0.834,
-0.828,
-0.822,
-0.816,
-0.81,
-0.804,
-0.798,
-0.792,
-0.786,
-0.78,
-0.774,
-0.768,
-0.762,
-0.756,
-0.75,
-0.744,
-0.738,
-0.732,
-0.726,
-0.72,
-0.714,
-0.708,
-0.702,
-0.696,
-0.69,
-0.684,
-0.678,
-0.672,
-0.666,
-0.66,
-0.654,
-0.648,
-0.642,
-0.636,
-0.63,
-0.624,
-0.618,
-0.612,
-0.606,
-0.6,
-0.594,
-0.588,
-0.582,
-0.576,
-0.57,
-0.564,
-0.558,
-0.552,
-0.546,
-0.54,
-0.534,
-0.528,
-0.522,
-0.516,
-0.51,
-0.504,
-0.498,
-0.492,
-0.486,
-0.48,
-0.474,
-0.468,
-0.462,
-0.456,
-0.45,
-0.444,
-0.438,
-0.432,
-0.426,
-0.42,
-0.414,
-0.408,
-0.402,
-0.396,
-0.39,
-0.384,
-0.378,
-0.372,
-0.366,
-0.36,
-0.354,
-0.348,
-0.342,
-0.336,
-0.33,
-0.324,
-0.318,
-0.312,
-0.306,
-0.3,
-0.294,
-0.288,
-0.282,
-0.276,
-0.27,
-0.264,
-0.258,
-0.252,
-0.246,
-0.24,
-0.234,
-0.228,
-0.222,
-0.216,
-0.21,
-0.204,
-0.198,
-0.192,
-0.186,
-0.18,
-0.174,
-0.168,
-0.162,
-0.156,
-0.15,
-0.144,
-0.138,
-0.132,
-0.126,
-0.12,
-0.114,
-0.108,
-0.102,
-0.096,
-0.09,
-0.084,
-0.078,
-0.072,
-0.066,
-0.06,
-0.054,
-0.048,
-0.042,
-0.036,
-0.03,
-0.024,
-0.018,
-0.012,
-0.006,
0.0,
0.006,
0.012,
0.018,
0.024,
0.03,
0.036,
0.042,
0.048,
0.054,
0.06,
0.066,
0.072,
0.078,
0.084,
0.09,
0.096,
0.102,
0.108,
0.114,
0.12,
0.126,
0.132,
0.138,
0.144,
0.15,
0.156,
0.162,
0.168,
0.174,
0.18,
0.186,
0.192,
0.198,
0.204,
0.21,
0.216,
0.222,
0.228,
0.234,
0.24,
0.246,
0.252,
0.258,
0.264,
0.27,
0.276,
0.282,
0.288,
0.294,
0.3,
0.306,
0.312,
0.318,
0.324,
0.33,
0.336,
0.342,
0.348,
0.354,
0.36,
0.366,
0.372,
0.378,
0.384,
0.39,
0.396,
0.402,
0.408,
0.414,
0.42,
0.426,
0.432,
0.438,
0.444,
0.45,
0.456,
0.462,
0.468,
0.474,
0.48,
0.486,
0.492,
0.498,
0.504,
0.51,
0.516,
0.522,
0.528,
0.534,
0.54,
0.546,
0.552,
0.558,
0.564,
0.57,
0.576,
0.582,
0.588,
0.594,
0.6,
0.606,
0.612,
0.618,
0.624,
0.63,
0.636,
0.642,
0.648,
0.654,
0.66,
0.666,
0.672,
0.678,
0.684,
0.69,
0.696,
0.702,
0.708,
0.714,
0.72,
0.726,
0.732,
0.738,
0.744,
0.75,
0.756,
0.762,
0.768,
0.774,
0.78,
0.786,
0.792,
0.798,
0.804,
0.81,
0.816,
0.822,
0.828,
0.834,
0.84,
0.846,
0.852,
0.858,
0.864,
0.87,
0.876,
0.882,
0.888,
0.894,
0.9,
0.906,
0.912,
0.918,
0.924,
0.93,
0.936,
0.942,
0.948,
0.954,
0.96,
0.966,
0.972,
0.978,
0.984,
0.99,
0.996,
1.002,
1.008,
1.014,
1.02,
1.026,
1.032,
1.038,
1.044,
1.05,
1.056,
1.062,
1.068,
1.074,
1.08,
1.086,
1.092,
1.098,
1.104,
1.11,
1.116,
1.122,
1.128,
1.134,
1.14,
1.146,
1.152,
1.158,
1.164,
1.17,
1.176,
1.182,
1.188,
1.194,
1.2,
1.206,
1.212,
1.218,
1.224,
1.23,
1.236,
1.242,
1.248,
1.254,
1.26,
1.266,
1.272,
1.278,
1.284,
1.29,
1.296,
1.302,
1.308,
1.314,
1.32,
1.326,
1.332,
1.338,
1.344,
1.35,
1.356,
1.362,
1.368,
1.374,
1.38,
1.386,
1.392,
1.398,
1.404,
1.41,
1.416,
1.422,
1.428,
1.434,
1.44,
1.446,
1.452,
1.458,
1.464,
1.47,
1.476,
1.482,
1.488,
1.494,
1.5,];
fit = [
369.21854650961154,
371.69217030901814,
372.9518013785174,
374.217852768488,
375.4853612978728,
376.7543056607768,
378.02464045537306,
379.2963204904746,
380.56930066080497,
381.84353594854747,
383.1189814241769,
384.39559224727657,
385.67332366733353,
386.95213102451294,
388.23196975041344,
389.5127953688025,
390.7945634963319,
392.0772298432345,
393.36075021400313,
394.64508050804875,
395.9301767203417,
397.21599494203633,
398.5024913610765,
399.78962226278304,
401.0773440304263,
402.3656131457818,
403.654386189667,
404.94361984246564,
406.23327088463293,
407.52329619718853,
408.81365276219105,
410.10429766320044,
411.39518808572416,
412.68628131764933,
413.9775347496616,
415.2689058756491,
416.5603522930942,
417.851831703451,
419.14330191251065,
420.4347208307536,
421.72604647368985,
423.017236962187,
424.3082505227867,
425.5990454880092,
426.8895802966466,
428.17981349404647,
429.4697037323816,
430.7592097709137,
432.04829047624264,
433.33690482254906,
434.62501189182456,
435.9125708740944,
437.199541067631,
438.4858818791563,
439.77155282403874,
441.0565135264784,
442.34072371968705,
443.62414324605754,
444.90673205732696,
446.1884502147328,
447.4692578891601,
448.7491153612825,
450.0279830216974,
451.3058213710523,
452.582591020167,
453.85825269014856,
455.1327672125004,
456.40609552922547,
457.67819869292475,
458.9490378668894,
460.2185743251888,
461.4867694527535,
462.75358474545226,
464.01898181016634,
465.28292236485913,
466.54536823864044,
467.8062813718285,
469.06562381600736,
470.323357734081,
471.57944540032383,
472.83384920042965,
474.0865316315545,
475.3374553023592,
476.5865829330502,
477.8338773554143,
479.0793015128544,
480.3228184604221,
481.5643913648486,
482.80398350457244,
484.0415582697681,
485.2770791623717,
486.51050979610466,
487.741813896499,
488.97095530091804,
490.1978979585797,
491.4226059305769,
492.645043389898,
493.86517462144786,
495.08296402206713,
496.298376100553,
497.51137547767837,
498.7219268862128,
499.9299951709429,
501.1355452886936,
502.338542308349,
503.5389514108764,
504.7367378893474,
505.9318671489641,
507.1243047070833,
508.31401619324333,
509.5009673491919,
510.6851240289159,
511.86645219867137,
513.044917937017,
514.2204874348483,
515.3931269954334,
516.5628030344517,
517.7294820800345,
518.893130772807,
520.053715865934,
521.2112042251661,
522.3655628288908,
523.516758768184,
524.6647592468657,
525.8095315815569,
526.9510432017418,
528.0892616498302,
529.2241545812253,
530.3556897643928,
531.4838350809343,
532.6085585256637,
533.7298282066871,
534.8476123454849,
535.9618792770003,
537.0725974497282,
538.1797354258091,
539.2832618811278,
540.3831456054138,
541.479355502347,
542.5718605896666,
543.6606299992849,
544.745632977404,
545.8268388846373,
546.9042171961349,
547.9777375017136,
549.0473695059902,
550.1130830285207,
551.1748480039419,
552.2326344821192,
553.2864126282982,
554.3361527232602,
555.3818251634826,
556.4234004613053,
557.4608492450991,
558.494142259441,
559.5232503652927,
560.548144540186,
561.5687958784091,
562.5851755912026,
563.5972550069566,
564.6050055714138,
565.6083988478781,
566.6074065174275,
567.6020003791325,
568.5921523502783,
569.5778344665933,
570.5590188824826,
571.5356778712649,
572.5077838254167,
573.4753092568201,
574.4382267970151,
575.3965091974602,
576.3501293297938,
577.2990601861037,
578.2432748792008,
579.1827466428978,
580.1174488322933,
581.0473549240616,
581.9724385167451,
582.8926733310564,
583.8080332101812,
584.7184921200884,
585.6240241498454,
586.5246035119379,
587.4202045425955,
588.3108017021211,
589.196369575228,
590.0768828713791,
590.9523164251335,
591.8226451964973,
592.6878442712787,
593.54788886145,
594.402754305513,
595.252416068871,
596.0968497442036,
596.936031051849,
597.7699358401898,
598.5985400860435,
599.4218198950591,
600.2397515021188,
601.0523112717411,
601.8594756984953,
602.661221407414,
603.4575251544144,
604.2483638267237,
605.0337144433087,
605.8135541553104,
606.5878602464832,
607.3566101336382,
608.1197813670927,
608.8773516311229,
609.6292987444203,
610.3756006605556,
611.116235468444,
611.851181392816,
612.5804167946934,
613.3039201718683,
614.0216701593872,
614.7336455300386,
615.4398251948459,
616.1401882035631,
616.8347137451756,
617.5233811484046,
618.2061698822152,
618.8830595563298,
619.5540299217421,
620.2190608712394,
