z = [
-1.5,
-1.494,
-1.488,
-1.482,
-1.476,
-1.47,
-1.464,
-1.458,
-1.452,
-1.446,
-1.44,
-1.434,
-1.428,
-1.422,
-1.416,
-1.41,
-1.404,
-1.398,
-1.392,
-1.386,
-1.38,
-1.374,
-1.368,
-1.362,
-1.356,
-1.35,
-1.344,
-1.338,
-1.332,
-1.326,
-1.32,
-1.314,
-1.308,
-1.302,
-1.296,
-1.29,
-1.284,
-1.278,
-1.272,
-1.266,
-1.26,
-1.254,
-1.248,
-1.242,
-1.236,
-1.23,
-1.224,
-1.218,
-1.212,
-1.206,
-1.2,
-1.194,
-1.188,
-1.182,
-1.176,
-1.17,
-1.164,
-1.158,
-1.152,
-1.146,
-1.14,
-1.134,
-1.128,
-1.122,
-1.116,
-1.11,
-1.104,
-1.098,
-1.092,
-1.086,
-1.08,
-1.074,
-1.068,
-1.062,
-1.056,
-1.05,
-1.044,
-1.038,
-1.032,
-1.026,
-1.02,
-1.014,
-1.008,
-1.002,
-0.996,
-0.99,
-0.984,
-0.978,
-0.972,
-0.966,
-0.96,
-0.954,
-0.948,
-0.942,
-0.936,
-0.93,
-0.924,
-0.918,
-0.912,
-0.906,
-0.9,
-0.894,
-0.888,
-0.882,
-0.876,
-0.87,
-0.864,
-0.858,
-0.852,
-0.846,
-0.84,
-0.834,
-0.828,
-0.822,
-0.816,
-0.81,
-0.804,
-0.798,
-0.792,
-0.786,
-0.78,
-0.774,
-0.768,
-0.762,
-0.756,
-0.75,
-0.744,
-0.738,
-0.732,
-0.726,
-0.72,
-0.714,
-0.708,
-0.702,
-0.696,
-0.69,
-0.684,
-0.678,
-0.672,
-0.666,
-0.66,
-0.654,
-0.648,
-0.642,
-0.636,
-0.63,
-0.624,
-0.618,
-0.612,
-0.606,
-0.6,
-0.594,
-0.588,
-0.582,
-0.576,
-0.57,
-0.564,
-0.558,
-0.552,
-0.546,
-0.54,
-0.534,
-0.528,
-0.522,
-0.516,
-0.51,
-0.504,
-0.498,
-0.492,
-0.486,
-0.48,
-0.474,
-0.468,
-0.462,
-0.456,
-0.45,
-0.444,
-0.438,
-0.432,
-0.426,
-0.42,
-0.414,
-0.408,
-0.402,
-0.396,
-0.39,
-0.384,
-0.378,
-0.372,
-0.366,
-0.36,
-0.354,
-0.348,
-0.342,
-0.336,
-0.33,
-0.324,
-0.318,
-0.312,
-0.306,
-0.3,
-0.294,
-0.288,
-0.282,
-0.276,
-0.27,
-0.264,
-0.258,
-0.252,
-0.246,
-0.24,
-0.234,
-0.228,
-0.222,
-0.216,
-0.21,
-0.204,
-0.198,
-0.192,
-0.186,
-0.18,
-0.174,
-0.168,
-0.162,
-0.156,
-0.15,
-0.144,
-0.138,
-0.132,
-0.126,
-0.12,
-0.114,
-0.108,
-0.102,
-0.096,
-0.09,
-0.084,
-0.078,
-0.072,
-0.066,
-0.06,
-0.054,
-0.048,
-0.042,
-0.036,
-0.03,
-0.024,
-0.018,
-0.012,
-0.006,
0.0,
0.006,
0.012,
0.018,
0.024,
0.03,
0.036,
0.042,
0.048,
0.054,
0.06,
0.066,
0.072,
0.078,
0.084,
0.09,
0.096,
0.102,
0.108,
0.114,
0.12,
0.126,
0.132,
0.138,
0.144,
0.15,
0.156,
0.162,
0.168,
0.174,
0.18,
0.186,
0.192,
0.198,
0.204,
0.21,
0.216,
0.222,
0.228,
0.234,
0.24,
0.246,
0.252,
0.258,
0.264,
0.27,
0.276,
0.282,
0.288,
0.294,
0.3,
0.306,
0.312,
0.318,
0.324,
0.33,
0.336,
0.342,
0.348,
0.354,
0.36,
0.366,
0.372,
0.378,
0.384,
0.39,
0.396,
0.402,
0.408,
0.414,
0.42,
0.426,
0.432,
0.438,
0.444,
0.45,
0.456,
0.462,
0.468,
0.474,
0.48,
0.486,
0.492,
0.498,
0.504,
0.51,
0.516,
0.522,
0.528,
0.534,
0.54,
0.546,
0.552,
0.558,
0.564,
0.57,
0.576,
0.582,
0.588,
0.594,
0.6,
0.606,
0.612,
0.618,
0.624,
0.63,
0.636,
0.642,
0.648,
0.654,
0.66,
0.666,
0.672,
0.678,
0.684,
0.69,
0.696,
0.702,
0.708,
0.714,
0.72,
0.726,
0.732,
0.738,
0.744,
0.75,
0.756,
0.762,
0.768,
0.774,
0.78,
0.786,
0.792,
0.798,
0.804,
0.81,
0.816,
0.822,
0.828,
0.834,
0.84,
0.846,
0.852,
0.858,
0.864,
0.87,
0.876,
0.882,
0.888,
0.894,
0.9,
0.906,
0.912,
0.918,
0.924,
0.93,
0.936,
0.942,
0.948,
0.954,
0.96,
0.966,
0.972,
0.978,
0.984,
0.99,
0.996,
1.002,
1.008,
1.014,
1.02,
1.026,
1.032,
1.038,
1.044,
1.05,
1.056,
1.062,
1.068,
1.074,
1.08,
1.086,
1.092,
1.098,
1.104,
1.11,
1.116,
1.122,
1.128,
1.134,
1.14,
1.146,
1.152,
1.158,
1.164,
1.17,
1.176,
1.182,
1.188,
1.194,
1.2,
1.206,
1.212,
1.218,
1.224,
1.23,
1.236,
1.242,
1.248,
1.254,
1.26,
1.266,
1.272,
1.278,
1.284,
1.29,
1.296,
1.302,
1.308,
1.314,
1.32,
1.326,
1.332,
1.338,
1.344,
1.35,
1.356,
1.362,
1.368,
1.374,
1.38,
1.386,
1.392,
1.398,
1.404,
1.41,
1.416,
1.422,
1.428,
1.434,
1.44,
1.446,
1.452,
1.458,
1.464,
1.47,
1.476,
1.482,
1.488,
1.494,
1.5,];
git = [
359.4980887460159,
359.74269907848077,
360.1348447108054,
360.53013668453264,
360.92850950614707,
361.3299497947205,
361.73444407792533,
362.1419787724317,
362.5525401842958,
362.96611450936166,
363.3826878336639,
363.80224613383575,
364.2247752775198,
364.65026102378135,
365.0786890235256,
365.51004481991833,
365.9443138488093,
366.3814814391591,
366.82153281346984,
367.26445308821735,
367.71022727428794,
368.1588402774188,
368.61027689864045,
369.0645218347222,
369.5215596786213,
369.9813749199369,
370.44395194536276,
370.90927503914827,
371.37732838355817,
371.848096059339,
372.32156204618525,
372.79771022321165,
373.27652436942674,
373.75798816420945,
374.24208518779017,
374.7287989217333,
375.2181127494234,
375.7100099565555,
376.2044737316261,
376.70148716642916,
377.201033256555,
377.7030949018906,
378.20765490712506,
378.71469598225667,
379.22420074310287,
379.73615171181507,
380.2505313173931,
380.7673218962067,
381.28650569251613,
381.8080648589996,
382.33198145727965,
382.8582374584556,
383.3868147436385,
383.91769510448705,
384.45086024374905,
384.98629177580415,
385.52397122721095,
386.063880037255,
386.6059995585017,
387.15031105735216,
387.6967957146004,
388.2454346259948,
388.79620880280265,
389.34909917237655,
389.90408657872524,
390.46115178308605,
391.02027546450165,
391.58143822039824,
392.1446205671683,
392.7098029407549,
393.27696569724037,
393.8460891134371,
394.4171533874811,
394.990138639429,
395.5650249118589,
396.1417921704722,
396.72042030470027,
397.3008891283131,
397.8831783800314,
398.46726772414127,
399.05313675111347,
399.6407649782226,
400.23013185017214,
400.8212167397221,
401.4139989483182,
402.0084577067255,
402.60457217566454,
403.2023214464509,
403.801684541637,
404.40264041565763,
405.00516795547924,
405.60924598124996,
406.21485324695607,
406.8219684410776,
407.4305701872513,
408.04063704493285,
408.6521475100644,
409.26508001574496,
409.87941293290305,
410.49512457097376,
411.1121931785772,
411.7305969442017,
412.35031399688944,
412.9713224069254,
413.59360018652853,
414.2171252905482,
414.8418756171611,
415.46782900857374,
416.0949632517262,
416.72325607900063,
417.35268516893154,
417.9832281469204,
418.61486258595266,
419.24756600731814,
419.88131588133535,
420.51608962807734,
421.15186461810265,
421.78861817318796,
422.42632756706496,
423.06497002616015,
423.7045227303371,
424.3449628136435,
424.9862673650596,
425.62841342925174,
426.2713780073269,
426.915138057593,
427.55967049632045,
428.20495219850807,
428.8509599986512,
429.4976706915145,
430.14506103290637,
430.79310774045825,
431.44178749440505,
432.09107693837177,
432.74095268016015,
433.391391292541,
434.04236931404864,
434.6938632497786,
435.34584957218874,
435.998304721904,
436.6512051085235,
437.30452711143175,
437.95824708061275,
438.61234133746655,
439.2667861756307,
439.9215578618033,
440.57663263657037,
441.2319867152354,
441.88759628865307,
442.543437524066,
443.19948656594397,
443.85571953682665,
444.5121125381705,
445.1686416511973,
445.82528293774624,
446.48201244113034,
447.13880618699466,
447.7956401841776,
448.45249042557657,
449.1093328890156,
449.76614353811647,
450.4228983231727,
451.07957318202705,
451.7361440409518,
452.3925868155318,
453.04887741155085,
453.70499172588154,
454.36090564737685,
455.01659505776627,
455.67203583255343,
456.327203841917,
456.98207495161626,
457.63662502389684,
458.2908299184006,
458.9446654930796,
459.59810760511004,
460.25113211181247,
460.90371487157165,
461.5558317447608,
462.207458594669,
462.8585712884302,
463.509145697955,
464.1591577008661,
464.8085831814358,
465.45739803152526,
466.105578151528,
466.7530994513148,
467.39993785118156,
468.0460692827993,
468.6914696901673,
469.3361150305676,
469.9799812755233,
470.6230444117574,
471.2652804421565,
471.9066653867337,
472.54717528359663,
473.186786189916,
473.8254741828963,
474.4632153607498,
475.09998584367213,
475.735761774818,
476.3705193212837,
477.00423467508585,
477.63688405414575,
478.26844370327535,
478.8988898951633,
479.52819893136484,
480.1563471432919,
480.78331089320534,
481.40906657520964,
482.0335906162485,
482.6568594771014,
483.27884965338296,
483.8995376765432,
484.51890011486853,
485.13691357448545,
485.7535547003645,
486.3688001773255,
486.9826267310449,
487.59501112906287,
488.2059301817927,
488.81536074353085,
489.4232797134673,
