
DETcontrolabsorptions = [
    1    1    1    1    1    1    1    1    1    1  1.23882E+19 0.00053 
];

