z = [
-1.5,
-1.494,
-1.488,
-1.482,
-1.476,
-1.47,
-1.464,
-1.458,
-1.452,
-1.446,
-1.44,
-1.434,
-1.428,
-1.422,
-1.416,
-1.41,
-1.404,
-1.398,
-1.392,
-1.386,
-1.38,
-1.374,
-1.368,
-1.362,
-1.356,
-1.35,
-1.344,
-1.338,
-1.332,
-1.326,
-1.32,
-1.314,
-1.308,
-1.302,
-1.296,
-1.29,
-1.284,
-1.278,
-1.272,
-1.266,
-1.26,
-1.254,
-1.248,
-1.242,
-1.236,
-1.23,
-1.224,
-1.218,
-1.212,
-1.206,
-1.2,
-1.194,
-1.188,
-1.182,
-1.176,
-1.17,
-1.164,
-1.158,
-1.152,
-1.146,
-1.14,
-1.134,
-1.128,
-1.122,
-1.116,
-1.11,
-1.104,
-1.098,
-1.092,
-1.086,
-1.08,
-1.074,
-1.068,
-1.062,
-1.056,
-1.05,
-1.044,
-1.038,
-1.032,
-1.026,
-1.02,
-1.014,
-1.008,
-1.002,
-0.996,
-0.99,
-0.984,
-0.978,
-0.972,
-0.966,
-0.96,
-0.954,
-0.948,
-0.942,
-0.936,
-0.93,
-0.924,
-0.918,
-0.912,
-0.906,
-0.9,
-0.894,
-0.888,
-0.882,
-0.876,
-0.87,
-0.864,
-0.858,
-0.852,
-0.846,
-0.84,
-0.834,
-0.828,
-0.822,
-0.816,
-0.81,
-0.804,
-0.798,
-0.792,
-0.786,
-0.78,
-0.774,
-0.768,
-0.762,
-0.756,
-0.75,
-0.744,
-0.738,
-0.732,
-0.726,
-0.72,
-0.714,
-0.708,
-0.702,
-0.696,
-0.69,
-0.684,
-0.678,
-0.672,
-0.666,
-0.66,
-0.654,
-0.648,
-0.642,
-0.636,
-0.63,
-0.624,
-0.618,
-0.612,
-0.606,
-0.6,
-0.594,
-0.588,
-0.582,
-0.576,
-0.57,
-0.564,
-0.558,
-0.552,
-0.546,
-0.54,
-0.534,
-0.528,
-0.522,
-0.516,
-0.51,
-0.504,
-0.498,
-0.492,
-0.486,
-0.48,
-0.474,
-0.468,
-0.462,
-0.456,
-0.45,
-0.444,
-0.438,
-0.432,
-0.426,
-0.42,
-0.414,
-0.408,
-0.402,
-0.396,
-0.39,
-0.384,
-0.378,
-0.372,
-0.366,
-0.36,
-0.354,
-0.348,
-0.342,
-0.336,
-0.33,
-0.324,
-0.318,
-0.312,
-0.306,
-0.3,
-0.294,
-0.288,
-0.282,
-0.276,
-0.27,
-0.264,
-0.258,
-0.252,
-0.246,
-0.24,
-0.234,
-0.228,
-0.222,
-0.216,
-0.21,
-0.204,
-0.198,
-0.192,
-0.186,
-0.18,
-0.174,
-0.168,
-0.162,
-0.156,
-0.15,
-0.144,
-0.138,
-0.132,
-0.126,
-0.12,
-0.114,
-0.108,
-0.102,
-0.096,
-0.09,
-0.084,
-0.078,
-0.072,
-0.066,
-0.06,
-0.054,
-0.048,
-0.042,
-0.036,
-0.03,
-0.024,
-0.018,
-0.012,
-0.006,
0.0,
0.006,
0.012,
0.018,
0.024,
0.03,
0.036,
0.042,
0.048,
0.054,
0.06,
0.066,
0.072,
0.078,
0.084,
0.09,
0.096,
0.102,
0.108,
0.114,
0.12,
0.126,
0.132,
0.138,
0.144,
0.15,
0.156,
0.162,
0.168,
0.174,
0.18,
0.186,
0.192,
0.198,
0.204,
0.21,
0.216,
0.222,
0.228,
0.234,
0.24,
0.246,
0.252,
0.258,
0.264,
0.27,
0.276,
0.282,
0.288,
0.294,
0.3,
0.306,
0.312,
0.318,
0.324,
0.33,
0.336,
0.342,
0.348,
0.354,
0.36,
0.366,
0.372,
0.378,
0.384,
0.39,
0.396,
0.402,
0.408,
0.414,
0.42,
0.426,
0.432,
0.438,
0.444,
0.45,
0.456,
0.462,
0.468,
0.474,
0.48,
0.486,
0.492,
0.498,
0.504,
0.51,
0.516,
0.522,
0.528,
0.534,
0.54,
0.546,
0.552,
0.558,
0.564,
0.57,
0.576,
0.582,
0.588,
0.594,
0.6,
0.606,
0.612,
0.618,
0.624,
0.63,
0.636,
0.642,
0.648,
0.654,
0.66,
0.666,
0.672,
0.678,
0.684,
0.69,
0.696,
0.702,
0.708,
0.714,
0.72,
0.726,
0.732,
0.738,
0.744,
0.75,
0.756,
0.762,
0.768,
0.774,
0.78,
0.786,
0.792,
0.798,
0.804,
0.81,
0.816,
0.822,
0.828,
0.834,
0.84,
0.846,
0.852,
0.858,
0.864,
0.87,
0.876,
0.882,
0.888,
0.894,
0.9,
0.906,
0.912,
0.918,
0.924,
0.93,
0.936,
0.942,
0.948,
0.954,
0.96,
0.966,
0.972,
0.978,
0.984,
0.99,
0.996,
1.002,
1.008,
1.014,
1.02,
1.026,
1.032,
1.038,
1.044,
1.05,
1.056,
1.062,
1.068,
1.074,
1.08,
1.086,
1.092,
1.098,
1.104,
1.11,
1.116,
1.122,
1.128,
1.134,
1.14,
1.146,
1.152,
1.158,
1.164,
1.17,
1.176,
1.182,
1.188,
1.194,
1.2,
1.206,
1.212,
1.218,
1.224,
1.23,
1.236,
1.242,
1.248,
1.254,
1.26,
1.266,
1.272,
1.278,
1.284,
1.29,
1.296,
1.302,
1.308,
1.314,
1.32,
1.326,
1.332,
1.338,
1.344,
1.35,
1.356,
1.362,
1.368,
1.374,
1.38,
1.386,
1.392,
1.398,
1.404,
1.41,
1.416,
1.422,
1.428,
1.434,
1.44,
1.446,
1.452,
1.458,
1.464,
1.47,
1.476,
1.482,
1.488,
1.494,
1.5,];
cit = [
358.15125086388844,
358.4419586454094,
358.7380351547034,
359.03721663532326,
359.33949305310216,
359.6448539873103,
359.95328890859616,
360.26478717930274,
360.57933805382356,
360.8969306789629,
361.21755409429727,
361.54119723254075,
361.86784891991385,
362.1974978765147,
362.5301327166927,
362.86574194942614,
363.2043139787014,
363.54583710389727,
363.8902995201694,
364.23768931883876,
364.5879944877846,
364.94120291183697,
365.2973023731746,
365.6562805517244,
366.018125025564,
366.38282327132777,
366.75036266461336,
367.1207304803936,
367.4939138934302,
367.8698999786884,
368.2486757117575,
368.6302279692711,
369.0145435293317,
369.4016090719372,
369.79141117941083,
370.18393633683206,
370.5791709324726,
370.9771012582315,
371.3777135100772,
371.7809937884879,
372.18692809889706,
372.5955023521411,
373.00670236490873,
373.42051386019284,
373.8369224677467,
374.2559137245403,
374.67747307521984,
375.1015858725716,
375.52823737798485,
375.9574127619203,
376.38909710437906,
376.8232753953753,
377.25993253541014,
377.6990533359493,
378.14062251990174,
378.5846247221017,
379.0310444897931,
379.4798662831157,
379.93107447559385,
380.38465335462877,
380.840587121991,
381.2988598943174,
381.7594557036084,
382.22235849773006,
382.68755214091686,
383.155020414276,
383.6247470162966,
384.09671556335945,
384.5709095902487,
385.0473125506679,
385.5259078177562,
386.0066786846078,
386.4896083647942,
386.97467999288835,
387.46187662499005,
387.9511812392559,
388.44257673642926,
388.9360459403747,
389.4315715986121,
389.9291363828564,
390.42872288955596,
390.9303136404367,
391.43389108304586,
391.9394375912998,
392.446935466033,
392.95636693555,
393.46771415617945,
393.98095921283027,
394.4960841195506,
395.01307082008816,
395.5319011884544,
396.05255702948887,
396.5750200794282,
397.09927200647553,
397.6252944113727,
398.1530688279763,
398.68257672383277,
399.2137995007596,
399.7467184954255,
400.2813149799358,
400.81757016241716,
401.3554651876076,
401.89498113744605,
402.4360990316667,
402.978799828394,
403.52306442474037,
404.0688736574066,
404.6162083032842,
405.16504908006027,
405.7153766468249,
406.2671716046797,
406.8204144973507,
407.3750858118017,
407.9311659788509,
408.4886353737901,
409.0474743170048,
409.6076630745987,
410.1691818590193,
410.7320108296851,
411.2961300936173,
411.8615197060716,
412.42815967117417,
412.9960299425587,
413.5651104240063,
414.1353809700877,
414.70682138680763,
415.27941143225246,
415.8531308172386,
416.42795920596427,
417.00387621666425,
417.58086142226523,
418.1588943510445,
418.7379544872922,
419.3180212719732,
419.8990741033938,
420.48109233786954,
421.0640552903959,
421.6479422353209,
422.23273240701997,
422.8184050005742,
423.40493917245,
423.9923140411811,
424.5805086880531,
425.1695021577914,
425.759273459249,
426.34980156609913,
426.9410654175291,
427.53304391893687,
428.125715942629,
428.7190603285227,
429.3130558848478,
429.90768138885426,
430.5029155875188,
431.09873719825544,
431.6951249096286,
432.29205738206815,
432.889513248586,
433.4874711154964,
434.0859095631373,
434.68480714659495,
435.28414239643064,
435.88389381940806,
436.4840398992261,
437.08455909725114,
437.6854298532529,
438.286630586142,
438.88813969470993,
439.4899355583723,
440.091996537912,
440.6943009762266,
441.2968271990776,
441.8995535158407,
442.5024582202601,
443.10551959120266,
443.70871589341743,
444.31202537829324,
444.91542628462275,
445.51889683936497,
446.12241525841193,
446.72595974735736,
447.3295085022663,
447.9330397104484,
448.5365315512312,
449.13996219673834,
449.743309812666,
450.34655255906546,
450.94966859112446,
451.5526360599521,
452.1554331133651,
452.75803789667646,
453.3604285534856,
453.9625832264711,
454.5644800581837,
455.1660971918434,
455.76741277213694,
456.3684049460172,
456.96905186350455,
457.5693316784907,
458.1692225495426,
458.76870264071044,
459.36775012233477,
459.9663431718576,
460.56445997463345,
461.16207872474274,
461.7591776258072,
462.3557348918058,
462.95172874789364,
463.5471374312207,
464.1419391917534,
464.7361122930972,
465.3296350133203,
465.9224856457796,
466.5146424999467,
467.10608390223706,
467.6967881968385,
468.2867337465424,
468.87589893357585,
469.46426216043415,
470.0518018507165,
470.63849644996003,
471.22432442647766,
471.8092642721949,
472.39329450348976,
472.97639366203134,
