z = [
-1.5,
-1.494,
-1.488,
-1.482,
-1.476,
-1.47,
-1.464,
-1.458,
-1.452,
-1.446,
-1.44,
-1.434,
-1.428,
-1.422,
-1.416,
-1.41,
-1.404,
-1.398,
-1.392,
-1.386,
-1.38,
-1.374,
-1.368,
-1.362,
-1.356,
-1.35,
-1.344,
-1.338,
-1.332,
-1.326,
-1.32,
-1.314,
-1.308,
-1.302,
-1.296,
-1.29,
-1.284,
-1.278,
-1.272,
-1.266,
-1.26,
-1.254,
-1.248,
-1.242,
-1.236,
-1.23,
-1.224,
-1.218,
-1.212,
-1.206,
-1.2,
-1.194,
-1.188,
-1.182,
-1.176,
-1.17,
-1.164,
-1.158,
-1.152,
-1.146,
-1.14,
-1.134,
-1.128,
-1.122,
-1.116,
-1.11,
-1.104,
-1.098,
-1.092,
-1.086,
-1.08,
-1.074,
-1.068,
-1.062,
-1.056,
-1.05,
-1.044,
-1.038,
-1.032,
-1.026,
-1.02,
-1.014,
-1.008,
-1.002,
-0.996,
-0.99,
-0.984,
-0.978,
-0.972,
-0.966,
-0.96,
-0.954,
-0.948,
-0.942,
-0.936,
-0.93,
-0.924,
-0.918,
-0.912,
-0.906,
-0.9,
-0.894,
-0.888,
-0.882,
-0.876,
-0.87,
-0.864,
-0.858,
-0.852,
-0.846,
-0.84,
-0.834,
-0.828,
-0.822,
-0.816,
-0.81,
-0.804,
-0.798,
-0.792,
-0.786,
-0.78,
-0.774,
-0.768,
-0.762,
-0.756,
-0.75,
-0.744,
-0.738,
-0.732,
-0.726,
-0.72,
-0.714,
-0.708,
-0.702,
-0.696,
-0.69,
-0.684,
-0.678,
-0.672,
-0.666,
-0.66,
-0.654,
-0.648,
-0.642,
-0.636,
-0.63,
-0.624,
-0.618,
-0.612,
-0.606,
-0.6,
-0.594,
-0.588,
-0.582,
-0.576,
-0.57,
-0.564,
-0.558,
-0.552,
-0.546,
-0.54,
-0.534,
-0.528,
-0.522,
-0.516,
-0.51,
-0.504,
-0.498,
-0.492,
-0.486,
-0.48,
-0.474,
-0.468,
-0.462,
-0.456,
-0.45,
-0.444,
-0.438,
-0.432,
-0.426,
-0.42,
-0.414,
-0.408,
-0.402,
-0.396,
-0.39,
-0.384,
-0.378,
-0.372,
-0.366,
-0.36,
-0.354,
-0.348,
-0.342,
-0.336,
-0.33,
-0.324,
-0.318,
-0.312,
-0.306,
-0.3,
-0.294,
-0.288,
-0.282,
-0.276,
-0.27,
-0.264,
-0.258,
-0.252,
-0.246,
-0.24,
-0.234,
-0.228,
-0.222,
-0.216,
-0.21,
-0.204,
-0.198,
-0.192,
-0.186,
-0.18,
-0.174,
-0.168,
-0.162,
-0.156,
-0.15,
-0.144,
-0.138,
-0.132,
-0.126,
-0.12,
-0.114,
-0.108,
-0.102,
-0.096,
-0.09,
-0.084,
-0.078,
-0.072,
-0.066,
-0.06,
-0.054,
-0.048,
-0.042,
-0.036,
-0.03,
-0.024,
-0.018,
-0.012,
-0.006,
0.0,
0.006,
0.012,
0.018,
0.024,
0.03,
0.036,
0.042,
0.048,
0.054,
0.06,
0.066,
0.072,
0.078,
0.084,
0.09,
0.096,
0.102,
0.108,
0.114,
0.12,
0.126,
0.132,
0.138,
0.144,
0.15,
0.156,
0.162,
0.168,
0.174,
0.18,
0.186,
0.192,
0.198,
0.204,
0.21,
0.216,
0.222,
0.228,
0.234,
0.24,
0.246,
0.252,
0.258,
0.264,
0.27,
0.276,
0.282,
0.288,
0.294,
0.3,
0.306,
0.312,
0.318,
0.324,
0.33,
0.336,
0.342,
0.348,
0.354,
0.36,
0.366,
0.372,
0.378,
0.384,
0.39,
0.396,
0.402,
0.408,
0.414,
0.42,
0.426,
0.432,
0.438,
0.444,
0.45,
0.456,
0.462,
0.468,
0.474,
0.48,
0.486,
0.492,
0.498,
0.504,
0.51,
0.516,
0.522,
0.528,
0.534,
0.54,
0.546,
0.552,
0.558,
0.564,
0.57,
0.576,
0.582,
0.588,
0.594,
0.6,
0.606,
0.612,
0.618,
0.624,
0.63,
0.636,
0.642,
0.648,
0.654,
0.66,
0.666,
0.672,
0.678,
0.684,
0.69,
0.696,
0.702,
0.708,
0.714,
0.72,
0.726,
0.732,
0.738,
0.744,
0.75,
0.756,
0.762,
0.768,
0.774,
0.78,
0.786,
0.792,
0.798,
0.804,
0.81,
0.816,
0.822,
0.828,
0.834,
0.84,
0.846,
0.852,
0.858,
0.864,
0.87,
0.876,
0.882,
0.888,
0.894,
0.9,
0.906,
0.912,
0.918,
0.924,
0.93,
0.936,
0.942,
0.948,
0.954,
0.96,
0.966,
0.972,
0.978,
0.984,
0.99,
0.996,
1.002,
1.008,
1.014,
1.02,
1.026,
1.032,
1.038,
1.044,
1.05,
1.056,
1.062,
1.068,
1.074,
1.08,
1.086,
1.092,
1.098,
1.104,
1.11,
1.116,
1.122,
1.128,
1.134,
1.14,
1.146,
1.152,
1.158,
1.164,
1.17,
1.176,
1.182,
1.188,
1.194,
1.2,
1.206,
1.212,
1.218,
1.224,
1.23,
1.236,
1.242,
1.248,
1.254,
1.26,
1.266,
1.272,
1.278,
1.284,
1.29,
1.296,
1.302,
1.308,
1.314,
1.32,
1.326,
1.332,
1.338,
1.344,
1.35,
1.356,
1.362,
1.368,
1.374,
1.38,
1.386,
1.392,
1.398,
1.404,
1.41,
1.416,
1.422,
1.428,
1.434,
1.44,
1.446,
1.452,
1.458,
1.464,
1.47,
1.476,
1.482,
1.488,
1.494,
1.5,];
cz = [
355.0,
355.0423083227146,
355.0878548460453,
355.13663793950695,
355.1886558567513,
355.2439067356289,
355.30238859825613,
355.36409935108577,
355.42903678498203,
355.49719857529976,
355.56858228196745,
355.64318534957476,
355.72100510746384,
355.80203876982523,
355.88628343579705,
355.97373608956946,
356.06439360049205,
356.1582527231866,
356.2553100976626,
356.3555622494375,
356.45900558966207,
356.5656364152476,
356.6754509089993,
356.7884451397525,
356.9046150625139,
357.0239565186058,
357.1464652358152,
357.27213682854676,
357.4009667979801,
357.5329505322302,
357.6680833065128,
357.8063602833139,
357.9477765125624,
358.0923269318075,
358.24000636640017,
358.39080952967777,
358.5447310231542,
358.7017653367121,
358.86190684880114,
359.02514982663854,
359.1914884264146,
359.36091669350174,
359.53342856266806,
359.7090178582937,
359.88767829459266,
360.0694034758376,
360.2541868965885,
360.4420219419261,
360.63290188768804,
360.8268199007101,
361.02376903907066,
361.223742252339,
361.42673238182795,
361.6327321608503,
361.8417342149784,
362.05373106230854,
362.26871511372883,
362.4866786731908,
362.70761393798443,
362.93151299901854,
363.15836784110286,
363.38817034323563,
363.6209122788937,
363.8565853163278,
364.09518101886044,
364.3366908451875,
364.5811061496846,
364.8284181827165,
365.07861809094993,
365.33169691767114,
365.587645603106,
365.84645498474435,
366.10811579766846,
366.3726186748843,
366.6399541476569,
366.9101126458496,
367.183084498266,
367.45885993299714,
367.73742907777034,
368.0187819603033,
368.3029085086606,
368.58979855161476,
368.8794418190099,
369.17182794212965,
369.4669464540682,
369.7647867901052,
370.0653382880836,
370.3685901887917,
370.6745316363482,
370.9831516785906,
371.2944392674676,
371.6083832594344,
371.9249724158517,
372.24419540338795,
372.56604079442513,
372.8904970674679,
373.2175526075557,
373.5471957066792,
373.87941456419856,
374.21419728726687,
374.55153189125497,
374.8914063001812,
375.23380834714294,
375.578725774753,
375.9261462355779,
376.27605729257994,
376.6284464195626,
376.98330100161854,
377.3406083355819,
377.7003556304825,
378.0625300080037,
378.4271185029438,
378.7941080636799,
379.16348555263517,
379.5352377467492,
379.9093513379513,
380.285812933637,
380.66460905714746,
381.0457261482518,
381.42915056363256,
381.81486857737434,
382.20286638145467,
382.59313008623906,
382.98564572097735,
383.3803992343045,
383.7773764947433,
384.1765632912104,
384.577945333525,
384.9815082529202,
385.3872376025578,
385.79511885804504,
386.2051374179547,
386.61727860434814,
387.03152766330015,
387.4478697654275,
387.86629000641983,
388.28677340757304,
388.7093049163253,
389.1338694067965,
389.56045168032927,
389.989036466033,
390.41960842133096,
390.8521521325091,
391.2866521152681,
391.7230928152775,
392.16145860873246,
392.6017338029135,
393.0439026367478,
393.48794928137363,
393.933857840707,
394.3816123520105,
394.83119678646506,
395.2825950497437,
395.7357909825872,
396.19076836138333,
396.6475108987471,
397.10600224410405,
397.5662259842753,
398.02816564406544,
398.4918046868521,
398.9571265151783,
399.42411447134566,
399.89275183801215,
400.3630218387892,
400.8349076388432,
401.3083923454975,
401.78345900883744,
402.2600906223173,
402.7382701233689,
403.2179803940122,
403.6992042614686,
404.1819244987752,
404.66612382540177,
405.1517849078692,
405.6388903603705,
406.1274227453922,
406.6173645743397,
407.1086983081626,
407.60140635798257,
408.0954710857235,
408.5908748047424,
409.08759978046294,
409.58562823101,
410.08494232784653,
410.58552419641126,
411.0873559167595,
411.5904195242035,
412.09469700995646,
412.600170321777,
413.1068213646148,
413.61463200125934,
414.1235840529886,
414.6336593002195,
415.14483948316115,
415.6571063024676,
416.1704414198932,
416.68482645894926,
417.2002430055618,
417.7166726087304,
418.23409678118924,
418.75249700006873,
419.2718547075584,
419.7921513115715,
420.31336818641023,
420.835486673433,
421.35848808172193,
421.88235368875223,
422.4070647410622,
422.9326024549248,
423.4589480170199,
423.98608258510774,
424.5139872887039,
425.04264322975405,
425.5720314833111,
426.10213309821256,
426.6329290977585,
427.1644004803918,
427.6965282203772,
428.2292932684836,
428.76267655266497,
429.2966589787437,
429.8312214310939,
430.36634477332586,
430.9020098489709,
431.4381974821674,
