z = [
-1.5,
-1.494,
-1.488,
-1.482,
-1.476,
-1.47,
-1.464,
-1.458,
-1.452,
-1.446,
-1.44,
-1.434,
-1.428,
-1.422,
-1.416,
-1.41,
-1.404,
-1.398,
-1.392,
-1.386,
-1.38,
-1.374,
-1.368,
-1.362,
-1.356,
-1.35,
-1.344,
-1.338,
-1.332,
-1.326,
-1.32,
-1.314,
-1.308,
-1.302,
-1.296,
-1.29,
-1.284,
-1.278,
-1.272,
-1.266,
-1.26,
-1.254,
-1.248,
-1.242,
-1.236,
-1.23,
-1.224,
-1.218,
-1.212,
-1.206,
-1.2,
-1.194,
-1.188,
-1.182,
-1.176,
-1.17,
-1.164,
-1.158,
-1.152,
-1.146,
-1.14,
-1.134,
-1.128,
-1.122,
-1.116,
-1.11,
-1.104,
-1.098,
-1.092,
-1.086,
-1.08,
-1.074,
-1.068,
-1.062,
-1.056,
-1.05,
-1.044,
-1.038,
-1.032,
-1.026,
-1.02,
-1.014,
-1.008,
-1.002,
-0.996,
-0.99,
-0.984,
-0.978,
-0.972,
-0.966,
-0.96,
-0.954,
-0.948,
-0.942,
-0.936,
-0.93,
-0.924,
-0.918,
-0.912,
-0.906,
-0.9,
-0.894,
-0.888,
-0.882,
-0.876,
-0.87,
-0.864,
-0.858,
-0.852,
-0.846,
-0.84,
-0.834,
-0.828,
-0.822,
-0.816,
-0.81,
-0.804,
-0.798,
-0.792,
-0.786,
-0.78,
-0.774,
-0.768,
-0.762,
-0.756,
-0.75,
-0.744,
-0.738,
-0.732,
-0.726,
-0.72,
-0.714,
-0.708,
-0.702,
-0.696,
-0.69,
-0.684,
-0.678,
-0.672,
-0.666,
-0.66,
-0.654,
-0.648,
-0.642,
-0.636,
-0.63,
-0.624,
-0.618,
-0.612,
-0.606,
-0.6,
-0.594,
-0.588,
-0.582,
-0.576,
-0.57,
-0.564,
-0.558,
-0.552,
-0.546,
-0.54,
-0.534,
-0.528,
-0.522,
-0.516,
-0.51,
-0.504,
-0.498,
-0.492,
-0.486,
-0.48,
-0.474,
-0.468,
-0.462,
-0.456,
-0.45,
-0.444,
-0.438,
-0.432,
-0.426,
-0.42,
-0.414,
-0.408,
-0.402,
-0.396,
-0.39,
-0.384,
-0.378,
-0.372,
-0.366,
-0.36,
-0.354,
-0.348,
-0.342,
-0.336,
-0.33,
-0.324,
-0.318,
-0.312,
-0.306,
-0.3,
-0.294,
-0.288,
-0.282,
-0.276,
-0.27,
-0.264,
-0.258,
-0.252,
-0.246,
-0.24,
-0.234,
-0.228,
-0.222,
-0.216,
-0.21,
-0.204,
-0.198,
-0.192,
-0.186,
-0.18,
-0.174,
-0.168,
-0.162,
-0.156,
-0.15,
-0.144,
-0.138,
-0.132,
-0.126,
-0.12,
-0.114,
-0.108,
-0.102,
-0.096,
-0.09,
-0.084,
-0.078,
-0.072,
-0.066,
-0.06,
-0.054,
-0.048,
-0.042,
-0.036,
-0.03,
-0.024,
-0.018,
-0.012,
-0.006,
0.0,
0.006,
0.012,
0.018,
0.024,
0.03,
0.036,
0.042,
0.048,
0.054,
0.06,
0.066,
0.072,
0.078,
0.084,
0.09,
0.096,
0.102,
0.108,
0.114,
0.12,
0.126,
0.132,
0.138,
0.144,
0.15,
0.156,
0.162,
0.168,
0.174,
0.18,
0.186,
0.192,
0.198,
0.204,
0.21,
0.216,
0.222,
0.228,
0.234,
0.24,
0.246,
0.252,
0.258,
0.264,
0.27,
0.276,
0.282,
0.288,
0.294,
0.3,
0.306,
0.312,
0.318,
0.324,
0.33,
0.336,
0.342,
0.348,
0.354,
0.36,
0.366,
0.372,
0.378,
0.384,
0.39,
0.396,
0.402,
0.408,
0.414,
0.42,
0.426,
0.432,
0.438,
0.444,
0.45,
0.456,
0.462,
0.468,
0.474,
0.48,
0.486,
0.492,
0.498,
0.504,
0.51,
0.516,
0.522,
0.528,
0.534,
0.54,
0.546,
0.552,
0.558,
0.564,
0.57,
0.576,
0.582,
0.588,
0.594,
0.6,
0.606,
0.612,
0.618,
0.624,
0.63,
0.636,
0.642,
0.648,
0.654,
0.66,
0.666,
0.672,
0.678,
0.684,
0.69,
0.696,
0.702,
0.708,
0.714,
0.72,
0.726,
0.732,
0.738,
0.744,
0.75,
0.756,
0.762,
0.768,
0.774,
0.78,
0.786,
0.792,
0.798,
0.804,
0.81,
0.816,
0.822,
0.828,
0.834,
0.84,
0.846,
0.852,
0.858,
0.864,
0.87,
0.876,
0.882,
0.888,
0.894,
0.9,
0.906,
0.912,
0.918,
0.924,
0.93,
0.936,
0.942,
0.948,
0.954,
0.96,
0.966,
0.972,
0.978,
0.984,
0.99,
0.996,
1.002,
1.008,
1.014,
1.02,
1.026,
1.032,
1.038,
1.044,
1.05,
1.056,
1.062,
1.068,
1.074,
1.08,
1.086,
1.092,
1.098,
1.104,
1.11,
1.116,
1.122,
1.128,
1.134,
1.14,
1.146,
1.152,
1.158,
1.164,
1.17,
1.176,
1.182,
1.188,
1.194,
1.2,
1.206,
1.212,
1.218,
1.224,
1.23,
1.236,
1.242,
1.248,
1.254,
1.26,
1.266,
1.272,
1.278,
1.284,
1.29,
1.296,
1.302,
1.308,
1.314,
1.32,
1.326,
1.332,
1.338,
1.344,
1.35,
1.356,
1.362,
1.368,
1.374,
1.38,
1.386,
1.392,
1.398,
1.404,
1.41,
1.416,
1.422,
1.428,
1.434,
1.44,
1.446,
1.452,
1.458,
1.464,
1.47,
1.476,
1.482,
1.488,
1.494,
1.5,];
fit = [
368.4712121168935,
370.80869230595795,
372.0045712554887,
373.20647082266964,
374.4099731199543,
375.6150549121994,
376.82167269098795,
378.02978311703066,
379.2393429211993,
380.45030890599855,
381.66263794649603,
382.87628699123456,
384.091213063125,
385.30737326031885,
386.5247247570611,
387.74322480452486,
388.9628307316259,
390.1834999458208,
391.4051899338832,
392.6278582626654,
393.8514625798408,
395.0759606146271,
396.301310178496,
397.52746916586204,
398.754395554757,
399.9820474074876,
401.2103828712751,
402.439360178882,
403.6689376492211,
404.8990736879481,
406.12972678804226,
407.3608555303691,
408.5924185842299,
409.8243747078966,
411.0566827491332,
412.289301645701,
413.52219042585386,
414.75530820881613,
415.988614205251,
417.22206771771357,
418.4556281410926,
419.6892549630394,
420.9229077643846,
422.1565462195431,
423.390130096908,
424.62361925923244,
425.85697366399995,
427.0901533637858,
428.3231185066053,
429.5558293362534,
430.78824619263344,
432.02032951207616,
433.252039827649,
434.48333776945594,
435.71418406492774,
436.94453953910386,
438.1743651149051,
439.40362181339844,
440.6322707540512,
441.8602731549813,
443.0875903331953,
444.3141837048214,
445.5400147853335,
446.7650451897696,
447.9892366329426,
449.212550929642,
450.4349499948331,
451.6563958438468,
452.8768505925631,
454.09627645759144,
455.3146357564416,
456.53189090769126,
457.7480044311477,
458.9629389480044,
460.17665718099136,
461.3891219545226,
462.60029619483737,
463.810142930138,
465.01862529072196,
466.22570650911257,
467.43134992018145,
468.6355189612725,
469.83817717231796,
471.03928819595296,
472.2388157776269,
473.43672376571124,
474.63297611160476,
475.8275368698356,
477.0203701981616,
478.21144035766736,
479.40071171285956,
480.5881487317597,
481.77371598599586,
482.9573781508916,
484.1391000055539,
485.3188464329595,
486.4965824200392,
487.6722730577628,
488.84588354122036,
490.01737916970546,
491.1867253467948,
492.35388758043007,
493.518831482996,
494.6815227714021,
495.84192726716026,
497.0000108964647,
498.15573969027105,
499.30907978437597,
500.4599974194964,
501.6084589413506,
502.75443080073694,
503.8978795536175,
505.0387718611977,
506.177074490011,
507.3127543120023,
508.4457783046115,
509.5761135508619,
510.7037272394459,
511.8285866648147,
512.950659227268,
514.0699124330466,
515.186313894426,
516.2998313298116,
517.410432563836,
518.5180855274593,
519.6227582580692,
520.7244188995861,
521.8230357025681,
522.9185770243195,
524.0110113290021,
525.1003071877482,
526.1864332787753,
527.2693583875072,
528.3490514066931,
529.4254813365329,
530.4986172848041,
531.5684284669919,
532.6348842064224,
533.6979539343988,
534.7576071903411,
535.813813621929,
536.8665429852477,
537.9157651449374,
538.961450074347,
540.0035678556895,
541.0420886802029,
542.0769828483138,
543.1082207698043,
544.135772963984,
545.1596100598643,
546.1797027963369,
547.1960220223575,
548.2085386971322,
549.2172238903066,
550.2220487821627,
551.2229846638163,
552.2200029374201,
553.2130751163704,
554.2021728255187,
555.1872678013874,
556.1683318923889,
557.1453370590494,
558.1182553742381,
559.087059023399,
560.0517203047887,
561.0122116297172,
561.9685055227941,
562.9205746221794,
563.8683916798379,
564.8119295617986,
565.7511612484191,
566.6860598346533,
567.6165985303257,
568.5427506604075,
569.4644896653004,
570.3817891011221,
571.2946226399994,
572.2029640703623,
573.1067872972468,
574.006066342599,
574.9007753455853,
575.7908885629089,
576.6763803691262,
577.557225256974,
578.4333978376957,
579.3048728413768,
580.1716251172821,
581.0336296341985,
581.8908614807826,
582.7432958659127,
583.5909081190457,
584.4336736905793,
585.2715681522162,
586.1045671973366,
586.9326466413728,
587.7557824221889,
588.5739506004657,
589.3871273600894,
590.195289008545,
590.9984119773159,
591.7964728222843,
592.58944822414,
593.3773149887917,
594.1600500477823,
594.9376304587106,
595.7100334056546,
596.4772361996025,
597.2392162788852,
597.9959512096144,
598.7474186861247,
599.4935965314199,
600.2344626976247,
600.9699952664378,
601.7001724495926,
602.4249725893187,
603.1443741588105,
603.8583557626972,
604.5668961375187,
605.2699741522047,
605.9675688085574,
606.6596592417388,
607.346224720761,
608.0272446489815,
608.7026985646006,
609.3725661411639,
610.0368271880674,
610.6954616510673,
