
DETcontrolabsorptions = [
    1    1    1    1    1    1    1    1    1    1  9.18482E+18 0.00084 
];

