
DETcontrolabsorptions = [
    1    1    1    1    1    1    1    1    1    1  1.07320E+19 0.00052 
];

