
DETcontrolabsorptions = [
    1    1    1    1    1    1    1    1    1    1  7.23904E+18 0.00278 
];

