
DETcontrolabsorptions = [
    1    1    1    1    1    1    1    1    1    1  8.42563E+18 0.00201 
];

