z = [
-1.5,
-1.494,
-1.488,
-1.482,
-1.476,
-1.47,
-1.464,
-1.458,
-1.452,
-1.446,
-1.44,
-1.434,
-1.428,
-1.422,
-1.416,
-1.41,
-1.404,
-1.398,
-1.392,
-1.386,
-1.38,
-1.374,
-1.368,
-1.362,
-1.356,
-1.35,
-1.344,
-1.338,
-1.332,
-1.326,
-1.32,
-1.314,
-1.308,
-1.302,
-1.296,
-1.29,
-1.284,
-1.278,
-1.272,
-1.266,
-1.26,
-1.254,
-1.248,
-1.242,
-1.236,
-1.23,
-1.224,
-1.218,
-1.212,
-1.206,
-1.2,
-1.194,
-1.188,
-1.182,
-1.176,
-1.17,
-1.164,
-1.158,
-1.152,
-1.146,
-1.14,
-1.134,
-1.128,
-1.122,
-1.116,
-1.11,
-1.104,
-1.098,
-1.092,
-1.086,
-1.08,
-1.074,
-1.068,
-1.062,
-1.056,
-1.05,
-1.044,
-1.038,
-1.032,
-1.026,
-1.02,
-1.014,
-1.008,
-1.002,
-0.996,
-0.99,
-0.984,
-0.978,
-0.972,
-0.966,
-0.96,
-0.954,
-0.948,
-0.942,
-0.936,
-0.93,
-0.924,
-0.918,
-0.912,
-0.906,
-0.9,
-0.894,
-0.888,
-0.882,
-0.876,
-0.87,
-0.864,
-0.858,
-0.852,
-0.846,
-0.84,
-0.834,
-0.828,
-0.822,
-0.816,
-0.81,
-0.804,
-0.798,
-0.792,
-0.786,
-0.78,
-0.774,
-0.768,
-0.762,
-0.756,
-0.75,
-0.744,
-0.738,
-0.732,
-0.726,
-0.72,
-0.714,
-0.708,
-0.702,
-0.696,
-0.69,
-0.684,
-0.678,
-0.672,
-0.666,
-0.66,
-0.654,
-0.648,
-0.642,
-0.636,
-0.63,
-0.624,
-0.618,
-0.612,
-0.606,
-0.6,
-0.594,
-0.588,
-0.582,
-0.576,
-0.57,
-0.564,
-0.558,
-0.552,
-0.546,
-0.54,
-0.534,
-0.528,
-0.522,
-0.516,
-0.51,
-0.504,
-0.498,
-0.492,
-0.486,
-0.48,
-0.474,
-0.468,
-0.462,
-0.456,
-0.45,
-0.444,
-0.438,
-0.432,
-0.426,
-0.42,
-0.414,
-0.408,
-0.402,
-0.396,
-0.39,
-0.384,
-0.378,
-0.372,
-0.366,
-0.36,
-0.354,
-0.348,
-0.342,
-0.336,
-0.33,
-0.324,
-0.318,
-0.312,
-0.306,
-0.3,
-0.294,
-0.288,
-0.282,
-0.276,
-0.27,
-0.264,
-0.258,
-0.252,
-0.246,
-0.24,
-0.234,
-0.228,
-0.222,
-0.216,
-0.21,
-0.204,
-0.198,
-0.192,
-0.186,
-0.18,
-0.174,
-0.168,
-0.162,
-0.156,
-0.15,
-0.144,
-0.138,
-0.132,
-0.126,
-0.12,
-0.114,
-0.108,
-0.102,
-0.096,
-0.09,
-0.084,
-0.078,
-0.072,
-0.066,
-0.06,
-0.054,
-0.048,
-0.042,
-0.036,
-0.03,
-0.024,
-0.018,
-0.012,
-0.006,
0.0,
0.006,
0.012,
0.018,
0.024,
0.03,
0.036,
0.042,
0.048,
0.054,
0.06,
0.066,
0.072,
0.078,
0.084,
0.09,
0.096,
0.102,
0.108,
0.114,
0.12,
0.126,
0.132,
0.138,
0.144,
0.15,
0.156,
0.162,
0.168,
0.174,
0.18,
0.186,
0.192,
0.198,
0.204,
0.21,
0.216,
0.222,
0.228,
0.234,
0.24,
0.246,
0.252,
0.258,
0.264,
0.27,
0.276,
0.282,
0.288,
0.294,
0.3,
0.306,
0.312,
0.318,
0.324,
0.33,
0.336,
0.342,
0.348,
0.354,
0.36,
0.366,
0.372,
0.378,
0.384,
0.39,
0.396,
0.402,
0.408,
0.414,
0.42,
0.426,
0.432,
0.438,
0.444,
0.45,
0.456,
0.462,
0.468,
0.474,
0.48,
0.486,
0.492,
0.498,
0.504,
0.51,
0.516,
0.522,
0.528,
0.534,
0.54,
0.546,
0.552,
0.558,
0.564,
0.57,
0.576,
0.582,
0.588,
0.594,
0.6,
0.606,
0.612,
0.618,
0.624,
0.63,
0.636,
0.642,
0.648,
0.654,
0.66,
0.666,
0.672,
0.678,
0.684,
0.69,
0.696,
0.702,
0.708,
0.714,
0.72,
0.726,
0.732,
0.738,
0.744,
0.75,
0.756,
0.762,
0.768,
0.774,
0.78,
0.786,
0.792,
0.798,
0.804,
0.81,
0.816,
0.822,
0.828,
0.834,
0.84,
0.846,
0.852,
0.858,
0.864,
0.87,
0.876,
0.882,
0.888,
0.894,
0.9,
0.906,
0.912,
0.918,
0.924,
0.93,
0.936,
0.942,
0.948,
0.954,
0.96,
0.966,
0.972,
0.978,
0.984,
0.99,
0.996,
1.002,
1.008,
1.014,
1.02,
1.026,
1.032,
1.038,
1.044,
1.05,
1.056,
1.062,
1.068,
1.074,
1.08,
1.086,
1.092,
1.098,
1.104,
1.11,
1.116,
1.122,
1.128,
1.134,
1.14,
1.146,
1.152,
1.158,
1.164,
1.17,
1.176,
1.182,
1.188,
1.194,
1.2,
1.206,
1.212,
1.218,
1.224,
1.23,
1.236,
1.242,
1.248,
1.254,
1.26,
1.266,
1.272,
1.278,
1.284,
1.29,
1.296,
1.302,
1.308,
1.314,
1.32,
1.326,
1.332,
1.338,
1.344,
1.35,
1.356,
1.362,
1.368,
1.374,
1.38,
1.386,
1.392,
1.398,
1.404,
1.41,
1.416,
1.422,
1.428,
1.434,
1.44,
1.446,
1.452,
1.458,
1.464,
1.47,
1.476,
1.482,
1.488,
1.494,
1.5,];
git = [
359.2754447256493,
359.5116406785594,
359.8867425818072,
360.26499071781757,
360.6463260026958,
361.0307356283279,
361.41820669184017,
361.8087261791935,
362.202280965559,
362.5988578157029,
362.9984433843749,
363.40102421669985,
363.8065867485732,
364.2151173070599,
364.62660211079526,
365.04102727039094,
365.45837878884254,
365.8786425619429,
366.30180437869535,
366.72784992173274,
367.1567647677398,
367.5885343878764,
368.0231441482068,
368.46057931013024,
368.90082503081567,
369.3438663636397,
369.78968825862637,
370.23827556289245,
370.6896130210944,
371.1436852758777,
371.60047686833184,
372.0599722384459,
372.52215572556884,
372.9870115688723,
373.45452390781713,
373.9246767826214,
374.3974541347344,
374.8728398073098,
375.35081754568637,
375.831370997868,
376.31448371500915,
376.80013915190204,
377.28832066746793,
377.7790115252501,
378.2721948939119,
378.76785384773586,
379.2659713671268,
379.7665303391184,
380.2695135578813,
380.7749037252364,
381.28268345116885,
381.792835254347,
382.3053415626433,
382.8201847136588,
383.3373469552496,
383.85681044605803,
384.3785572560454,
384.9025693670287,
385.42882867321873,
385.9573169817645,
386.4880160132964,
387.0209074024759,
387.55597269854593,
388.0931933658858,
388.63255078456905,
389.1740262509221,
389.7176009780893,
390.26325609659887,
390.810972654931,
391.36073162009245,
391.91251387819,
392.4663002350096,
393.0220714165979,
393.57980806984654,
394.13949076307927,
394.7010999866428,
395.2646161535,
395.830019599827,
396.39729058561113,
396.96640929525586,
397.53735583818354,
398.1101102494465,
398.68465249033727,
399.2609624490036,
399.839019941066,
400.4188047102389,
401.0002964289538,
401.5834746989866,
402.1683190520873,
402.7548089506131,
403.34292378816417,
403.9326428902225,
404.52394551479483,
405.11681085305713,
405.711218030003,
406.3071461050955,
406.9045740729206,
407.5034808638459,
408.10384534468017,
408.70564631933803,
409.30886252950575,
409.91347265531226,
410.51945531600086,
411.1267890706065,
411.7354524186346,
412.3454238007432,
412.95668159942863,
413.5692041397141,
414.18296968984134,
414.797956461966,
415.41414261285433,
416.031506244586,
416.65002540525677,
417.2696780896873,
417.89044224013287,
418.5122957469971,
419.1352164495494,
419.75918213664465,
420.3841705474463,
421.01015937215266,
421.6371262527267,
422.2650487836288,
422.89390451255235,
423.52367094116266,
424.15432552583957,
424.7858456784222,
425.4182087669584,
426.0513921164554,
426.68537300963544,
427.3201286876938,
427.95563635105975,
428.5918731601604,
429.2288162361899,
429.8664426618785,
430.5047294822675,
431.1436537054858,
431.78319230353065,
432.4233222130506,
433.0640203361322,
433.70526354108995,
434.34702866325915,
434.9892925057918,
435.6320318404556,
436.27522340843734,
436.91884392114696,
437.56287006102684,
438.207278482364,
438.8520458121044,
439.49714865067085,
440.14256357278487,
440.7882671282895,
441.4342358429784,
442.0804462194253,
442.7268747378165,
443.3734978567895,
444.02029201427126,
444.6672336283209,
445.3142990979758,
445.9614648040997,
446.6087071102355,
447.2560023634594,
447.9033268952379,
448.5506570222898,
449.1979690474491,
449.84523926053214,
450.4924439392065,
451.1395593498638,
451.7865617484956,
452.4334273815708,
453.08013248691736,
453.7266532946062,
454.3729660278377,
455.0190469038322,
455.664872134721,
456.3104179284436,
456.95566048964315,
457.60057602057,
458.2451407219826,
458.8893307940548,
459.533122437285,
460.1764918534062,
460.8194152463019,
461.46186882292045,
462.1038287941966,
462.7452713759708,
463.38617278991546,
464.0265092644606,
464.66625703572333,
465.305392348439,
465.94389145689536,
466.581730625869,
467.21888613156455,
467.8553342625538,
468.49105132072077,
469.12601362220653,
469.7601974983561,
470.39357929666915,
471.0261353817514,
471.6578421362682,
472.28867596190184,
472.9186132803079,
473.5476305340766,
474.17570418769355,
474.80281072850437,
475.4289266676799,
476.05402854118336,
476.6780929107405,
477.30109636480915,
477.9230155195528,
478.5438270198142,
479.16350754009113,
479.78203378551416,
480.39938249282454,
481.0155304313554,
481.6304544040122,
482.2441312482563,
482.85653783708915,
483.46765108003706,
484.0774479241385,
484.68590535493126,
485.29300039744135,
485.8987101171725,
486.5030116210978,
487.1058820586496,
487.707298622714,
