
DETcontrolabsorptions = [
    1    1    1    1    1    1    1    1    1    1  9.22237E+18 0.00060 
];

