
DETcontrolabsorptions = [
    1    1    1    1    1    1    1    1    1    1  9.88029E+18 0.00046 
];

