
DETcontrolabsorptions = [
    1    1    1    1    1    1    1    1    1    1  1.17628E+19 0.00038 
];

