
DETcontrolabsorptions = [
    1    1    1    1    1    1    1    1    1    1  1.11235E+19 0.00052 
];

