
DETcontrolabsorptions = [
    1    1    1    1    1    1    1    1    1    1  9.07105E+18 0.00085 
];

