z = [
-1.5,
-1.494,
-1.488,
-1.482,
-1.476,
-1.47,
-1.464,
-1.458,
-1.452,
-1.446,
-1.44,
-1.434,
-1.428,
-1.422,
-1.416,
-1.41,
-1.404,
-1.398,
-1.392,
-1.386,
-1.38,
-1.374,
-1.368,
-1.362,
-1.356,
-1.35,
-1.344,
-1.338,
-1.332,
-1.326,
-1.32,
-1.314,
-1.308,
-1.302,
-1.296,
-1.29,
-1.284,
-1.278,
-1.272,
-1.266,
-1.26,
-1.254,
-1.248,
-1.242,
-1.236,
-1.23,
-1.224,
-1.218,
-1.212,
-1.206,
-1.2,
-1.194,
-1.188,
-1.182,
-1.176,
-1.17,
-1.164,
-1.158,
-1.152,
-1.146,
-1.14,
-1.134,
-1.128,
-1.122,
-1.116,
-1.11,
-1.104,
-1.098,
-1.092,
-1.086,
-1.08,
-1.074,
-1.068,
-1.062,
-1.056,
-1.05,
-1.044,
-1.038,
-1.032,
-1.026,
-1.02,
-1.014,
-1.008,
-1.002,
-0.996,
-0.99,
-0.984,
-0.978,
-0.972,
-0.966,
-0.96,
-0.954,
-0.948,
-0.942,
-0.936,
-0.93,
-0.924,
-0.918,
-0.912,
-0.906,
-0.9,
-0.894,
-0.888,
-0.882,
-0.876,
-0.87,
-0.864,
-0.858,
-0.852,
-0.846,
-0.84,
-0.834,
-0.828,
-0.822,
-0.816,
-0.81,
-0.804,
-0.798,
-0.792,
-0.786,
-0.78,
-0.774,
-0.768,
-0.762,
-0.756,
-0.75,
-0.744,
-0.738,
-0.732,
-0.726,
-0.72,
-0.714,
-0.708,
-0.702,
-0.696,
-0.69,
-0.684,
-0.678,
-0.672,
-0.666,
-0.66,
-0.654,
-0.648,
-0.642,
-0.636,
-0.63,
-0.624,
-0.618,
-0.612,
-0.606,
-0.6,
-0.594,
-0.588,
-0.582,
-0.576,
-0.57,
-0.564,
-0.558,
-0.552,
-0.546,
-0.54,
-0.534,
-0.528,
-0.522,
-0.516,
-0.51,
-0.504,
-0.498,
-0.492,
-0.486,
-0.48,
-0.474,
-0.468,
-0.462,
-0.456,
-0.45,
-0.444,
-0.438,
-0.432,
-0.426,
-0.42,
-0.414,
-0.408,
-0.402,
-0.396,
-0.39,
-0.384,
-0.378,
-0.372,
-0.366,
-0.36,
-0.354,
-0.348,
-0.342,
-0.336,
-0.33,
-0.324,
-0.318,
-0.312,
-0.306,
-0.3,
-0.294,
-0.288,
-0.282,
-0.276,
-0.27,
-0.264,
-0.258,
-0.252,
-0.246,
-0.24,
-0.234,
-0.228,
-0.222,
-0.216,
-0.21,
-0.204,
-0.198,
-0.192,
-0.186,
-0.18,
-0.174,
-0.168,
-0.162,
-0.156,
-0.15,
-0.144,
-0.138,
-0.132,
-0.126,
-0.12,
-0.114,
-0.108,
-0.102,
-0.096,
-0.09,
-0.084,
-0.078,
-0.072,
-0.066,
-0.06,
-0.054,
-0.048,
-0.042,
-0.036,
-0.03,
-0.024,
-0.018,
-0.012,
-0.006,
0.0,
0.006,
0.012,
0.018,
0.024,
0.03,
0.036,
0.042,
0.048,
0.054,
0.06,
0.066,
0.072,
0.078,
0.084,
0.09,
0.096,
0.102,
0.108,
0.114,
0.12,
0.126,
0.132,
0.138,
0.144,
0.15,
0.156,
0.162,
0.168,
0.174,
0.18,
0.186,
0.192,
0.198,
0.204,
0.21,
0.216,
0.222,
0.228,
0.234,
0.24,
0.246,
0.252,
0.258,
0.264,
0.27,
0.276,
0.282,
0.288,
0.294,
0.3,
0.306,
0.312,
0.318,
0.324,
0.33,
0.336,
0.342,
0.348,
0.354,
0.36,
0.366,
0.372,
0.378,
0.384,
0.39,
0.396,
0.402,
0.408,
0.414,
0.42,
0.426,
0.432,
0.438,
0.444,
0.45,
0.456,
0.462,
0.468,
0.474,
0.48,
0.486,
0.492,
0.498,
0.504,
0.51,
0.516,
0.522,
0.528,
0.534,
0.54,
0.546,
0.552,
0.558,
0.564,
0.57,
0.576,
0.582,
0.588,
0.594,
0.6,
0.606,
0.612,
0.618,
0.624,
0.63,
0.636,
0.642,
0.648,
0.654,
0.66,
0.666,
0.672,
0.678,
0.684,
0.69,
0.696,
0.702,
0.708,
0.714,
0.72,
0.726,
0.732,
0.738,
0.744,
0.75,
0.756,
0.762,
0.768,
0.774,
0.78,
0.786,
0.792,
0.798,
0.804,
0.81,
0.816,
0.822,
0.828,
0.834,
0.84,
0.846,
0.852,
0.858,
0.864,
0.87,
0.876,
0.882,
0.888,
0.894,
0.9,
0.906,
0.912,
0.918,
0.924,
0.93,
0.936,
0.942,
0.948,
0.954,
0.96,
0.966,
0.972,
0.978,
0.984,
0.99,
0.996,
1.002,
1.008,
1.014,
1.02,
1.026,
1.032,
1.038,
1.044,
1.05,
1.056,
1.062,
1.068,
1.074,
1.08,
1.086,
1.092,
1.098,
1.104,
1.11,
1.116,
1.122,
1.128,
1.134,
1.14,
1.146,
1.152,
1.158,
1.164,
1.17,
1.176,
1.182,
1.188,
1.194,
1.2,
1.206,
1.212,
1.218,
1.224,
1.23,
1.236,
1.242,
1.248,
1.254,
1.26,
1.266,
1.272,
1.278,
1.284,
1.29,
1.296,
1.302,
1.308,
1.314,
1.32,
1.326,
1.332,
1.338,
1.344,
1.35,
1.356,
1.362,
1.368,
1.374,
1.38,
1.386,
1.392,
1.398,
1.404,
1.41,
1.416,
1.422,
1.428,
1.434,
1.44,
1.446,
1.452,
1.458,
1.464,
1.47,
1.476,
1.482,
1.488,
1.494,
1.5,];
cit = [
358.3352782096209,
358.6404027354108,
358.95109951344523,
359.2648930058557,
359.58177271780414,
359.9017277222058,
360.22474698394456,
360.5508193602002,
360.8799336008193,
361.21207834869256,
361.54724214013333,
361.88541340525956,
362.226580468379,
362.5707315483753,
362.91785475910035,
363.2679381097653,
363.6209695053384,
363.9769367469428,
364.33582753225755,
364.6976294559224,
365.06233000994473,
365.4299165841087,
365.80037646638766,
366.1736968433589,
366.5498648006213,
366.9288673232156,
367.31069129604714,
367.69532350431064,
368.08275063391875,
368.4729592719325,
368.8659359069942,
369.2616669297631,
369.6601386333531,
370.06133721377375,
370.4652487703737,
370.8718593062855,
371.28115472887384,
371.69312085018714,
372.10774338740873,
372.52500796331344,
372.9449001067253,
373.3674052529775,
373.79250874437514,
374.2201958306605,
374.6504516694797,
375.0832613268535,
375.51860977764875,
375.956481906053,
376.39686250605166,
376.83973628190677,
377.2850878486388,
377.7329017325102,
378.1831623715119,
378.6358541158519,
379.09096122844494,
379.5484678854067,
380.00835817654934,
380.4706161058774,
380.93522559208975,
381.40217046908026,
381.87143448644304,
382.34300130997894,
382.81685452220415,
383.2929776228618,
383.7713540294351,
384.2519670776635,
384.73480002205997,
385.21983603643184,
385.7070582144023,
386.19644956993625,
386.6879930378659,
387.1816714744207,
387.6774676577585,
388.1753642884986,
388.6753439902583,
389.1773893101904,
389.6814827195233,
390.18760661410363,
390.69574331494084,
391.2058750687546,
391.71798404852245,
392.23205235403293,
392.7480620124376,
393.2659949788077,
393.78583313669185,
394.3075582986759,
394.83115220694583,
395.35659653385244,
395.8838728824776,
396.4129627872039,
396.943847714286,
397.4765090624237,
398.0109281633381,
398.5470862823497,
399.08496461895845,
399.6245443074265,
400.1658064173623,
400.708731954309,
401.2533018603317,
401.799497014611,
402.3472982340352,
402.8966862737974,
403.4476418279929,
404.0001455302204,
404.5541779541844,
405.1097196143006,
405.6667509663031,
406.2252524078539,
406.7852042791551,
407.34658686356306,
407.9093803882042,
408.47356502459525,
409.0391208892629,
409.6060280443678,
410.1742664983303,
410.7438162064584,
411.3146570715778,
411.88676894466437,
412.46013162548013,
413.03472486320914,
413.6105283570977,
414.18752175709665,
414.7656846645049,
415.3449966326158,
415.92543716736725,
416.50698572799183,
417.08962172767076,
417.67332453418953,
418.2580734705966,
418.8438478158638,
419.4306268055491,
420.01838963246234,
420.6071154473326,
421.1967833594781,
421.787372437479,
422.378861709852,
422.971230165727,
423.564456755527,
424.1585203916504,
424.75339994915385,
425.34907426643997,
425.94552214594637,
426.5427223548355,
427.14065362568977,
427.73929465720767,
428.3386241149004,
428.93862063179495,
429.5392628091349,
430.14052921708776,
430.7423983954519,
431.3448488543668,
431.9478590750256,
432.55140751039016,
433.1554725859081,
433.7600327002327,
434.36506622594413,
434.9705515102746,
435.5764668758345,
436.1827906213409,
436.7895010223499,
437.3965763319891,
438.00399478169413,
438.6117345819466,
439.2197739230148,
439.8280909756958,
440.4366638920618,
441.04547080620625,
441.65448983499437,
442.26369907881417,
442.87307662233127,
443.48260053524564,
444.0922488730488,
444.70199967778626,
445.3118309788198,
445.9217207935926,
446.53164712839725,
447.14158797914524,
447.7515213321386,
448.3614251648438,
448.9712774466684,
449.58105613973885,
450.19073919968105,
450.8003045764027,
451.4097302148782,
452.01899405593485,
452.628074037042,
453.2369480931011,
453.8455941572396,
454.4539901616042,
455.0621140381594,
455.6699437194844,
456.27745713957506,
456.8846322346459,
457.49144694393476,
458.09787921050906,
458.7039069820746,
459.3095082117849,
459.91466085905347,
460.5193428903674,
461.1235322801035,
461.7272070113445,
462.3303450766989,
462.9329244791212,
463.5349232327342,
464.13631936365346,
464.7370909108125,
465.33721592679035,
465.9366724786397,
466.53543864871824,
467.1334925355194,
467.73081225450653,
468.3273759389475,
468.9231617407504,
469.51814783130146,
470.11231240230404,
470.70563366661884,
471.2980898591054,
471.8896592374647,
472.48032008308337,
473.07005070187904,
473.65882942514634,
474.2466346104044,
474.8334446422458,
475.41923793318574,
