z = [
-1.5,
-1.494,
-1.488,
-1.482,
-1.476,
-1.47,
-1.464,
-1.458,
-1.452,
-1.446,
-1.44,
-1.434,
-1.428,
-1.422,
-1.416,
-1.41,
-1.404,
-1.398,
-1.392,
-1.386,
-1.38,
-1.374,
-1.368,
-1.362,
-1.356,
-1.35,
-1.344,
-1.338,
-1.332,
-1.326,
-1.32,
-1.314,
-1.308,
-1.302,
-1.296,
-1.29,
-1.284,
-1.278,
-1.272,
-1.266,
-1.26,
-1.254,
-1.248,
-1.242,
-1.236,
-1.23,
-1.224,
-1.218,
-1.212,
-1.206,
-1.2,
-1.194,
-1.188,
-1.182,
-1.176,
-1.17,
-1.164,
-1.158,
-1.152,
-1.146,
-1.14,
-1.134,
-1.128,
-1.122,
-1.116,
-1.11,
-1.104,
-1.098,
-1.092,
-1.086,
-1.08,
-1.074,
-1.068,
-1.062,
-1.056,
-1.05,
-1.044,
-1.038,
-1.032,
-1.026,
-1.02,
-1.014,
-1.008,
-1.002,
-0.996,
-0.99,
-0.984,
-0.978,
-0.972,
-0.966,
-0.96,
-0.954,
-0.948,
-0.942,
-0.936,
-0.93,
-0.924,
-0.918,
-0.912,
-0.906,
-0.9,
-0.894,
-0.888,
-0.882,
-0.876,
-0.87,
-0.864,
-0.858,
-0.852,
-0.846,
-0.84,
-0.834,
-0.828,
-0.822,
-0.816,
-0.81,
-0.804,
-0.798,
-0.792,
-0.786,
-0.78,
-0.774,
-0.768,
-0.762,
-0.756,
-0.75,
-0.744,
-0.738,
-0.732,
-0.726,
-0.72,
-0.714,
-0.708,
-0.702,
-0.696,
-0.69,
-0.684,
-0.678,
-0.672,
-0.666,
-0.66,
-0.654,
-0.648,
-0.642,
-0.636,
-0.63,
-0.624,
-0.618,
-0.612,
-0.606,
-0.6,
-0.594,
-0.588,
-0.582,
-0.576,
-0.57,
-0.564,
-0.558,
-0.552,
-0.546,
-0.54,
-0.534,
-0.528,
-0.522,
-0.516,
-0.51,
-0.504,
-0.498,
-0.492,
-0.486,
-0.48,
-0.474,
-0.468,
-0.462,
-0.456,
-0.45,
-0.444,
-0.438,
-0.432,
-0.426,
-0.42,
-0.414,
-0.408,
-0.402,
-0.396,
-0.39,
-0.384,
-0.378,
-0.372,
-0.366,
-0.36,
-0.354,
-0.348,
-0.342,
-0.336,
-0.33,
-0.324,
-0.318,
-0.312,
-0.306,
-0.3,
-0.294,
-0.288,
-0.282,
-0.276,
-0.27,
-0.264,
-0.258,
-0.252,
-0.246,
-0.24,
-0.234,
-0.228,
-0.222,
-0.216,
-0.21,
-0.204,
-0.198,
-0.192,
-0.186,
-0.18,
-0.174,
-0.168,
-0.162,
-0.156,
-0.15,
-0.144,
-0.138,
-0.132,
-0.126,
-0.12,
-0.114,
-0.108,
-0.102,
-0.096,
-0.09,
-0.084,
-0.078,
-0.072,
-0.066,
-0.06,
-0.054,
-0.048,
-0.042,
-0.036,
-0.03,
-0.024,
-0.018,
-0.012,
-0.006,
0.0,
0.006,
0.012,
0.018,
0.024,
0.03,
0.036,
0.042,
0.048,
0.054,
0.06,
0.066,
0.072,
0.078,
0.084,
0.09,
0.096,
0.102,
0.108,
0.114,
0.12,
0.126,
0.132,
0.138,
0.144,
0.15,
0.156,
0.162,
0.168,
0.174,
0.18,
0.186,
0.192,
0.198,
0.204,
0.21,
0.216,
0.222,
0.228,
0.234,
0.24,
0.246,
0.252,
0.258,
0.264,
0.27,
0.276,
0.282,
0.288,
0.294,
0.3,
0.306,
0.312,
0.318,
0.324,
0.33,
0.336,
0.342,
0.348,
0.354,
0.36,
0.366,
0.372,
0.378,
0.384,
0.39,
0.396,
0.402,
0.408,
0.414,
0.42,
0.426,
0.432,
0.438,
0.444,
0.45,
0.456,
0.462,
0.468,
0.474,
0.48,
0.486,
0.492,
0.498,
0.504,
0.51,
0.516,
0.522,
0.528,
0.534,
0.54,
0.546,
0.552,
0.558,
0.564,
0.57,
0.576,
0.582,
0.588,
0.594,
0.6,
0.606,
0.612,
0.618,
0.624,
0.63,
0.636,
0.642,
0.648,
0.654,
0.66,
0.666,
0.672,
0.678,
0.684,
0.69,
0.696,
0.702,
0.708,
0.714,
0.72,
0.726,
0.732,
0.738,
0.744,
0.75,
0.756,
0.762,
0.768,
0.774,
0.78,
0.786,
0.792,
0.798,
0.804,
0.81,
0.816,
0.822,
0.828,
0.834,
0.84,
0.846,
0.852,
0.858,
0.864,
0.87,
0.876,
0.882,
0.888,
0.894,
0.9,
0.906,
0.912,
0.918,
0.924,
0.93,
0.936,
0.942,
0.948,
0.954,
0.96,
0.966,
0.972,
0.978,
0.984,
0.99,
0.996,
1.002,
1.008,
1.014,
1.02,
1.026,
1.032,
1.038,
1.044,
1.05,
1.056,
1.062,
1.068,
1.074,
1.08,
1.086,
1.092,
1.098,
1.104,
1.11,
1.116,
1.122,
1.128,
1.134,
1.14,
1.146,
1.152,
1.158,
1.164,
1.17,
1.176,
1.182,
1.188,
1.194,
1.2,
1.206,
1.212,
1.218,
1.224,
1.23,
1.236,
1.242,
1.248,
1.254,
1.26,
1.266,
1.272,
1.278,
1.284,
1.29,
1.296,
1.302,
1.308,
1.314,
1.32,
1.326,
1.332,
1.338,
1.344,
1.35,
1.356,
1.362,
1.368,
1.374,
1.38,
1.386,
1.392,
1.398,
1.404,
1.41,
1.416,
1.422,
1.428,
1.434,
1.44,
1.446,
1.452,
1.458,
1.464,
1.47,
1.476,
1.482,
1.488,
1.494,
1.5,];
czc = [
355.0,
355.0314703813689,
355.0653494474078,
355.10163598530596,
355.1403286960697,
355.1814261945684,
355.22492700958435,
355.2708295838653,
355.31913227418033,
355.3698333513786,
355.4229310004514,
355.4784233205967,
355.5363083252878,
355.59658394234384,
355.65924801400445,
355.7242982970067,
355.7917324626658,
355.8615480969577,
355.93374270060633,
356.0083136891726,
356.0852583931472,
356.1645740580459,
356.24625784450814,
356.330306828399,
356.41671800091365,
356.50548826868487,
356.5966144538944,
356.69009329438586,
356.7859214437823,
356.8840954716055,
356.9846118633991,
357.0874670208541,
357.19265726193794,
357.30017882102607,
357.41002784903696,
357.52220041356986,
357.63669249904547,
357.75350000684966,
357.8726187554805,
357.99404448069754,
358.1177728356746,
358.2437993911557,
358.3721196356131,
358.50272897540924,
358.63562273496063,
358.77079615690616,
358.9082444022764,
359.04796255066753,
359.1899456004169,
359.3341884687827,
359.4806859921256,
359.6294329260934,
359.78042394580905,
359.93365364606143,
360.08911654149836,
360.2468070668233,
360.4067195769944,
360.5688483474271,
360.73318757419804,
360.89973137425386,
361.06847378562134,
361.2394087676206,
361.41253020108184,
361.5878318885642,
361.7653075545775,
361.94495084580683,
362.1267553313404,
362.3107145028994,
362.4968217750709,
362.6850704855441,
362.8754538953482,
363.067965189094,
363.26259747521806,
363.4593437862288,
363.6581970789565,
363.8591502348054,
364.06219606000775,
364.26732728588274,
364.4745365690952,
364.68381649191974,
364.89515956250534,
365.10855821514417,
365.3240048105421,
365.54149163609213,
365.7610109061511,
365.98255476231736,
366.20611527371307,
366.43168443726745,
366.65925417800383,
366.88881634932807,
367.1203627333207,
367.35388504103105,
367.5893749127737,
367.82682391842786,
368.0662235577396,
368.3075652606253,
368.5508403874793,
368.7960402294824,
369.04315600891414,
369.2921788794672,
369.5430999265634,
369.7959101676731,
370.05060055263743,
370.3071619639911,
370.5655852172897,
370.825861061438,
371.08798017902154,
371.3519331866397,
371.617710635242,
371.88530301046603,
372.1547007329784,
372.4258941588174,
372.69887357973823,
372.9736292235608,
373.2501512545193,
373.52842977361433,
373.80845481896745,
374.0902163661775,
374.3737043286799,
374.6589085581071,
374.9458188446524,
375.2344249174356,
375.5247164448697,
375.81668303503193,
376.1103142360349,
376.4055995364015,
376.70252836544034,
377.00109009362495,
377.30127403297365,
377.60306943743296,
377.9064655032612,
378.2114513694162,
378.51801611794383,
378.82614877436845,
379.13583830808636,
379.4470736327604,
379.7598436067166,
380.0741370333434,
380.38994266149234,
380.707249185881,
381.0260452474971,
381.3463194340061,
381.66806028015856,
381.9912562682018,
382.31589582829145,
382.6419673389056,
382.9694591272614,
383.2983594697323,
383.62865659226816,
383.96033867081644,
384.2933938317458,
384.62781015227074,
384.963575660879,
385.30067833775945,
385.63910611523283,
385.97884687818373,
386.31988846449406,
386.66221866547846,
387.0058252263217,
387.35069584651694,
387.6968181803062,
388.04417983712267,
388.3927683820335,
388.74257133618596,
389.0935761772532,
389.4457703398831,
389.799141216148,
390.15367615599564,
390.5093624677029,
390.8661874183292,
391.22413823417264,
391.5832021012277,
391.9433661656433,
392.3046175341832,
392.6669432746878,
393.0303304165369,
393.39476595111375,
393.7602368322713,
394.12672997679874,
394.49423226489,
394.8627305406137,
395.2322116123836,
395.60266225343116,
395.9740692022791,
396.34641916321596,
396.71969880677204,
397.0938947701967,
397.4689936579366,
397.8449820421155,
398.2218464630147,
398.59957342955465,
398.97814941977856,
399.35756088133587,
399.7377942319679,
400.1188358599934,
400.50067212479644,
400.88328935731454,
401.26667386052793,
401.65081190994977,
402.0356897541178,
402.42129361508637,
402.80760968891957,
403.19462414618556,
403.58232313245173,
403.9706927687806,
404.3597191522264,
404.74938835633304,
405.13968643163264,
405.5305994061449,
405.922113285877,
406.314214055325,
406.70688767797526,
407.100120096807,
407.49389723479555,
407.8882049954161,
408.2830292631488,
408.67835590398363,
409.0741707659263,
409.4704596795053,
409.8672084582789,
410.26440289934294,
410.6620287838392,
411.0600718774649,
411.45851793098154,
