z = [
-1.5,
-1.494,
-1.488,
-1.482,
-1.476,
-1.47,
-1.464,
-1.458,
-1.452,
-1.446,
-1.44,
-1.434,
-1.428,
-1.422,
-1.416,
-1.41,
-1.404,
-1.398,
-1.392,
-1.386,
-1.38,
-1.374,
-1.368,
-1.362,
-1.356,
-1.35,
-1.344,
-1.338,
-1.332,
-1.326,
-1.32,
-1.314,
-1.308,
-1.302,
-1.296,
-1.29,
-1.284,
-1.278,
-1.272,
-1.266,
-1.26,
-1.254,
-1.248,
-1.242,
-1.236,
-1.23,
-1.224,
-1.218,
-1.212,
-1.206,
-1.2,
-1.194,
-1.188,
-1.182,
-1.176,
-1.17,
-1.164,
-1.158,
-1.152,
-1.146,
-1.14,
-1.134,
-1.128,
-1.122,
-1.116,
-1.11,
-1.104,
-1.098,
-1.092,
-1.086,
-1.08,
-1.074,
-1.068,
-1.062,
-1.056,
-1.05,
-1.044,
-1.038,
-1.032,
-1.026,
-1.02,
-1.014,
-1.008,
-1.002,
-0.996,
-0.99,
-0.984,
-0.978,
-0.972,
-0.966,
-0.96,
-0.954,
-0.948,
-0.942,
-0.936,
-0.93,
-0.924,
-0.918,
-0.912,
-0.906,
-0.9,
-0.894,
-0.888,
-0.882,
-0.876,
-0.87,
-0.864,
-0.858,
-0.852,
-0.846,
-0.84,
-0.834,
-0.828,
-0.822,
-0.816,
-0.81,
-0.804,
-0.798,
-0.792,
-0.786,
-0.78,
-0.774,
-0.768,
-0.762,
-0.756,
-0.75,
-0.744,
-0.738,
-0.732,
-0.726,
-0.72,
-0.714,
-0.708,
-0.702,
-0.696,
-0.69,
-0.684,
-0.678,
-0.672,
-0.666,
-0.66,
-0.654,
-0.648,
-0.642,
-0.636,
-0.63,
-0.624,
-0.618,
-0.612,
-0.606,
-0.6,
-0.594,
-0.588,
-0.582,
-0.576,
-0.57,
-0.564,
-0.558,
-0.552,
-0.546,
-0.54,
-0.534,
-0.528,
-0.522,
-0.516,
-0.51,
-0.504,
-0.498,
-0.492,
-0.486,
-0.48,
-0.474,
-0.468,
-0.462,
-0.456,
-0.45,
-0.444,
-0.438,
-0.432,
-0.426,
-0.42,
-0.414,
-0.408,
-0.402,
-0.396,
-0.39,
-0.384,
-0.378,
-0.372,
-0.366,
-0.36,
-0.354,
-0.348,
-0.342,
-0.336,
-0.33,
-0.324,
-0.318,
-0.312,
-0.306,
-0.3,
-0.294,
-0.288,
-0.282,
-0.276,
-0.27,
-0.264,
-0.258,
-0.252,
-0.246,
-0.24,
-0.234,
-0.228,
-0.222,
-0.216,
-0.21,
-0.204,
-0.198,
-0.192,
-0.186,
-0.18,
-0.174,
-0.168,
-0.162,
-0.156,
-0.15,
-0.144,
-0.138,
-0.132,
-0.126,
-0.12,
-0.114,
-0.108,
-0.102,
-0.096,
-0.09,
-0.084,
-0.078,
-0.072,
-0.066,
-0.06,
-0.054,
-0.048,
-0.042,
-0.036,
-0.03,
-0.024,
-0.018,
-0.012,
-0.006,
0.0,
0.006,
0.012,
0.018,
0.024,
0.03,
0.036,
0.042,
0.048,
0.054,
0.06,
0.066,
0.072,
0.078,
0.084,
0.09,
0.096,
0.102,
0.108,
0.114,
0.12,
0.126,
0.132,
0.138,
0.144,
0.15,
0.156,
0.162,
0.168,
0.174,
0.18,
0.186,
0.192,
0.198,
0.204,
0.21,
0.216,
0.222,
0.228,
0.234,
0.24,
0.246,
0.252,
0.258,
0.264,
0.27,
0.276,
0.282,
0.288,
0.294,
0.3,
0.306,
0.312,
0.318,
0.324,
0.33,
0.336,
0.342,
0.348,
0.354,
0.36,
0.366,
0.372,
0.378,
0.384,
0.39,
0.396,
0.402,
0.408,
0.414,
0.42,
0.426,
0.432,
0.438,
0.444,
0.45,
0.456,
0.462,
0.468,
0.474,
0.48,
0.486,
0.492,
0.498,
0.504,
0.51,
0.516,
0.522,
0.528,
0.534,
0.54,
0.546,
0.552,
0.558,
0.564,
0.57,
0.576,
0.582,
0.588,
0.594,
0.6,
0.606,
0.612,
0.618,
0.624,
0.63,
0.636,
0.642,
0.648,
0.654,
0.66,
0.666,
0.672,
0.678,
0.684,
0.69,
0.696,
0.702,
0.708,
0.714,
0.72,
0.726,
0.732,
0.738,
0.744,
0.75,
0.756,
0.762,
0.768,
0.774,
0.78,
0.786,
0.792,
0.798,
0.804,
0.81,
0.816,
0.822,
0.828,
0.834,
0.84,
0.846,
0.852,
0.858,
0.864,
0.87,
0.876,
0.882,
0.888,
0.894,
0.9,
0.906,
0.912,
0.918,
0.924,
0.93,
0.936,
0.942,
0.948,
0.954,
0.96,
0.966,
0.972,
0.978,
0.984,
0.99,
0.996,
1.002,
1.008,
1.014,
1.02,
1.026,
1.032,
1.038,
1.044,
1.05,
1.056,
1.062,
1.068,
1.074,
1.08,
1.086,
1.092,
1.098,
1.104,
1.11,
1.116,
1.122,
1.128,
1.134,
1.14,
1.146,
1.152,
1.158,
1.164,
1.17,
1.176,
1.182,
1.188,
1.194,
1.2,
1.206,
1.212,
1.218,
1.224,
1.23,
1.236,
1.242,
1.248,
1.254,
1.26,
1.266,
1.272,
1.278,
1.284,
1.29,
1.296,
1.302,
1.308,
1.314,
1.32,
1.326,
1.332,
1.338,
1.344,
1.35,
1.356,
1.362,
1.368,
1.374,
1.38,
1.386,
1.392,
1.398,
1.404,
1.41,
1.416,
1.422,
1.428,
1.434,
1.44,
1.446,
1.452,
1.458,
1.464,
1.47,
1.476,
1.482,
1.488,
1.494,
1.5,];
cze = [
355.0,
355.018804271358,
355.03904778679816,
355.0607298216386,
355.08384959970067,
355.10840629333734,
355.1343990234624,
355.161826859582,
355.1906888198283,
355.22098387099413,
355.2527109285704,
355.2858688567844,
355.32045646864105,
355.35647252596516,
355.39391573944556,
355.43278476868136,
355.47307822223024,
355.5147946576577,
355.5579325815894,
355.6024904497639,
355.6484666670883,
355.6958595876955,
355.7446675150028,
355.7948887017727,
355.84652135017575,
355.8995636118543,
355.9540135879894,
356.00986932936814,
356.0671288364539,
356.1257900594578,
356.1858508984117,
356.24730920324373,
356.3101627738557,
356.37440936020073,
356.4400466623648,
356.5070723306487,
356.5754839656521,
356.64527911835955,
356.71645529022794,
356.7890099332766,
356.86294045017735,
356.93824419434884,
357.01491847005,
357.0929605324777,
357.1723675878641,
357.25313679357714,
357.3352652582223,
357.41875004174574,
357.50358815554,
357.5897765625508,
357.6773121773856,
357.7661918664245,
357.8564124479317,
357.9479706921701,
358.04086332151667,
358.1350870105796,
358.23063838631765,
358.32751402816064,
358.4257104681319,
358.52522419097284,
358.62605163426815,
358.728189188574,
358.83163319754647,
358.9363799580732,
359.0424257204055,
359.14976668829286,
359.25839901911854,
359.36831882403726,
359.4795221681146,
359.59200507046774,
359.7057635044076,
359.82079339758377,
359.9370906321295,
360.0546510448097,
360.1734704271697,
360.2935445256858,
360.41486904191765,
360.53743963266254,
360.6612519101101,
360.78630144199985,
360.91258375177995,
361.04009431876716,
361.16882857830876,
361.2987819219462,
361.4299496975798,
361.5623272096352,
361.69590971923174,
361.83069244435205,
361.9666705600131,
362.1038391984389,
362.24219344923495,
362.381728359564,
362.5224389343233,
362.664320136323,
362.8073668864673,
362.9515740639358,
363.09693650636666,
363.2434490100417,
363.3911063300726,
363.53990318058845,
363.68983423492557,
363.8408941258174,
363.99307744558723,
364.1463787463416,
364.30079254016505,
364.45631329931723,
364.61293545643,
364.77065340470756,
364.9294614981262,
365.08935405163743,
365.25032534137074,
365.4123696048388,
365.5754810411437,
365.7396538111848,
365.9048820378674,
366.0711598063134,
366.23848116407305,
366.4068401213377,
366.5762306511547,
366.74664668964283,
366.9180821362096,
367.0905308537692,
367.26398666896296,
367.43844337237954,
367.6138947187777,
367.79033442730974,
367.9677561817464,
368.14615363070277,
368.32552038786594,
368.5058500322235,
368.6871361082932,
368.8693721263543,
369.05255156268004,
369.2366678597707,
369.42171442658855,
369.6076846387941,
369.79457183898296,
369.98236933692385,
370.171070409799,
370.3606683024436,
370.5511562275889,
370.7425273661041,
370.93477486724134,
371.12789184888015,
371.3218713977743,
371.51670656979934,
371.7123903902009,
371.9089158538444,
372.1062759254662,
372.3044635399249,
372.5034716024546,
372.7032929889191,
372.90392054606605,
373.1053470917841,
373.3075654153595,
373.510568277734,
373.7143484117644,
373.91889852248255,
374.1242112873564,
374.3302793565525,
374.53709535319854,
374.74465187364774,
374.95294148774417,
375.1619567390883,
375.3716901453038,
375.582134198306,
375.79328136457025,
376.0051240854016,
376.21765477720567,
376.4308658317598,
376.64474961648534,
376.85929847472164,
377.07450472599896,
377.29036066631454,
377.5068585684078,
377.72399068203674,
377.941749234256,
378.16012642969497,
378.37911445083637,
378.59870545829665,
378.8188915911063,
379.0396649669915,
379.2610176826561,
379.4829418140645,
379.70542941672556,
379.9284725259769,
380.15206315726994,
380.3761933064558,
380.6008549500717,
380.8260400456285,
381.0517405318982,
381.2779483292028,
381.5046553397035,
381.7318534476906,
381.9595345198737,
382.1876904056737,
382.41631293751345,
382.6453939311108,
382.87492518577176,
383.10489848468353,
383.3353055952091,
383.5661382691816,
383.79738824319975,
384.0290472389238,
384.2611069633716,
384.4935591092159,
384.72639535508097,
384.9596073658414,
385.19318679291996,
385.4271252745865,
385.66141443625736,
385.8960458907952,
386.13101123880915,
386.3663020689555,
386.60190995823916,
386.8378264723144,
387.07404316578766,
387.31055158251934,
387.54734325592665,
387.7844097092867,
388.0217424560401,
388.25933300009444,
388.4971728361287,
388.73525344989775,
