z = [
-1.5,
-1.494,
-1.488,
-1.482,
-1.476,
-1.47,
-1.464,
-1.458,
-1.452,
-1.446,
-1.44,
-1.434,
-1.428,
-1.422,
-1.416,
-1.41,
-1.404,
-1.398,
-1.392,
-1.386,
-1.38,
-1.374,
-1.368,
-1.362,
-1.356,
-1.35,
-1.344,
-1.338,
-1.332,
-1.326,
-1.32,
-1.314,
-1.308,
-1.302,
-1.296,
-1.29,
-1.284,
-1.278,
-1.272,
-1.266,
-1.26,
-1.254,
-1.248,
-1.242,
-1.236,
-1.23,
-1.224,
-1.218,
-1.212,
-1.206,
-1.2,
-1.194,
-1.188,
-1.182,
-1.176,
-1.17,
-1.164,
-1.158,
-1.152,
-1.146,
-1.14,
-1.134,
-1.128,
-1.122,
-1.116,
-1.11,
-1.104,
-1.098,
-1.092,
-1.086,
-1.08,
-1.074,
-1.068,
-1.062,
-1.056,
-1.05,
-1.044,
-1.038,
-1.032,
-1.026,
-1.02,
-1.014,
-1.008,
-1.002,
-0.996,
-0.99,
-0.984,
-0.978,
-0.972,
-0.966,
-0.96,
-0.954,
-0.948,
-0.942,
-0.936,
-0.93,
-0.924,
-0.918,
-0.912,
-0.906,
-0.9,
-0.894,
-0.888,
-0.882,
-0.876,
-0.87,
-0.864,
-0.858,
-0.852,
-0.846,
-0.84,
-0.834,
-0.828,
-0.822,
-0.816,
-0.81,
-0.804,
-0.798,
-0.792,
-0.786,
-0.78,
-0.774,
-0.768,
-0.762,
-0.756,
-0.75,
-0.744,
-0.738,
-0.732,
-0.726,
-0.72,
-0.714,
-0.708,
-0.702,
-0.696,
-0.69,
-0.684,
-0.678,
-0.672,
-0.666,
-0.66,
-0.654,
-0.648,
-0.642,
-0.636,
-0.63,
-0.624,
-0.618,
-0.612,
-0.606,
-0.6,
-0.594,
-0.588,
-0.582,
-0.576,
-0.57,
-0.564,
-0.558,
-0.552,
-0.546,
-0.54,
-0.534,
-0.528,
-0.522,
-0.516,
-0.51,
-0.504,
-0.498,
-0.492,
-0.486,
-0.48,
-0.474,
-0.468,
-0.462,
-0.456,
-0.45,
-0.444,
-0.438,
-0.432,
-0.426,
-0.42,
-0.414,
-0.408,
-0.402,
-0.396,
-0.39,
-0.384,
-0.378,
-0.372,
-0.366,
-0.36,
-0.354,
-0.348,
-0.342,
-0.336,
-0.33,
-0.324,
-0.318,
-0.312,
-0.306,
-0.3,
-0.294,
-0.288,
-0.282,
-0.276,
-0.27,
-0.264,
-0.258,
-0.252,
-0.246,
-0.24,
-0.234,
-0.228,
-0.222,
-0.216,
-0.21,
-0.204,
-0.198,
-0.192,
-0.186,
-0.18,
-0.174,
-0.168,
-0.162,
-0.156,
-0.15,
-0.144,
-0.138,
-0.132,
-0.126,
-0.12,
-0.114,
-0.108,
-0.102,
-0.096,
-0.09,
-0.084,
-0.078,
-0.072,
-0.066,
-0.06,
-0.054,
-0.048,
-0.042,
-0.036,
-0.03,
-0.024,
-0.018,
-0.012,
-0.006,
0.0,
0.006,
0.012,
0.018,
0.024,
0.03,
0.036,
0.042,
0.048,
0.054,
0.06,
0.066,
0.072,
0.078,
0.084,
0.09,
0.096,
0.102,
0.108,
0.114,
0.12,
0.126,
0.132,
0.138,
0.144,
0.15,
0.156,
0.162,
0.168,
0.174,
0.18,
0.186,
0.192,
0.198,
0.204,
0.21,
0.216,
0.222,
0.228,
0.234,
0.24,
0.246,
0.252,
0.258,
0.264,
0.27,
0.276,
0.282,
0.288,
0.294,
0.3,
0.306,
0.312,
0.318,
0.324,
0.33,
0.336,
0.342,
0.348,
0.354,
0.36,
0.366,
0.372,
0.378,
0.384,
0.39,
0.396,
0.402,
0.408,
0.414,
0.42,
0.426,
0.432,
0.438,
0.444,
0.45,
0.456,
0.462,
0.468,
0.474,
0.48,
0.486,
0.492,
0.498,
0.504,
0.51,
0.516,
0.522,
0.528,
0.534,
0.54,
0.546,
0.552,
0.558,
0.564,
0.57,
0.576,
0.582,
0.588,
0.594,
0.6,
0.606,
0.612,
0.618,
0.624,
0.63,
0.636,
0.642,
0.648,
0.654,
0.66,
0.666,
0.672,
0.678,
0.684,
0.69,
0.696,
0.702,
0.708,
0.714,
0.72,
0.726,
0.732,
0.738,
0.744,
0.75,
0.756,
0.762,
0.768,
0.774,
0.78,
0.786,
0.792,
0.798,
0.804,
0.81,
0.816,
0.822,
0.828,
0.834,
0.84,
0.846,
0.852,
0.858,
0.864,
0.87,
0.876,
0.882,
0.888,
0.894,
0.9,
0.906,
0.912,
0.918,
0.924,
0.93,
0.936,
0.942,
0.948,
0.954,
0.96,
0.966,
0.972,
0.978,
0.984,
0.99,
0.996,
1.002,
1.008,
1.014,
1.02,
1.026,
1.032,
1.038,
1.044,
1.05,
1.056,
1.062,
1.068,
1.074,
1.08,
1.086,
1.092,
1.098,
1.104,
1.11,
1.116,
1.122,
1.128,
1.134,
1.14,
1.146,
1.152,
1.158,
1.164,
1.17,
1.176,
1.182,
1.188,
1.194,
1.2,
1.206,
1.212,
1.218,
1.224,
1.23,
1.236,
1.242,
1.248,
1.254,
1.26,
1.266,
1.272,
1.278,
1.284,
1.29,
1.296,
1.302,
1.308,
1.314,
1.32,
1.326,
1.332,
1.338,
1.344,
1.35,
1.356,
1.362,
1.368,
1.374,
1.38,
1.386,
1.392,
1.398,
1.404,
1.41,
1.416,
1.422,
1.428,
1.434,
1.44,
1.446,
1.452,
1.458,
1.464,
1.47,
1.476,
1.482,
1.488,
1.494,
1.5,];
cz = [
355.0,
355.0423083177591,
355.0878548357549,
355.1366379235027,
355.18865583465424,
355.24390670706043,
355.3023885628377,
355.3640993084392,
355.4290367347295,
355.49719851706345,
355.56858221537004,
355.64318527423916,
355.7210050230134,
355.8020386758834,
355.8862833319878,
355.9737359755169,
356.0643934758209,
356.15825258752193,
356.25530995062957,
356.35556209066215,
356.4590054187705,
356.5656362318665,
356.6754507127557,
356.7884449302742,
356.90461483942863,
357.02395628154216,
357.1464649844023,
357.2721365624142,
357.40096651675776,
357.5329502355487,
357.6680829940034,
357.8063599546083,
357.9477761672929,
358.09232656960705,
358.24000598690213,
358.39080913251644,
358.5447306079641,
358.70176490312883,
358.86190639646065,
359.02514935517763,
359.1914879354706,
359.3609161827129,
359.533428031673,
359.7090173067321,
359.88767772210485,
360.06940288206454,
360.254186281172,
360.44202130450867,
360.63290122791307,
360.8268192182218,
361.0237683335139,
361.22374152335954,
361.4267316290726,
361.6327313839664,
361.8417334136144,
362.05373023611355,
362.2687142623531,
362.4866777962851,
362.707613035201,
362.93151207001006,
363.15836688552315,
363.3881693607393,
363.62091126913674,
363.8565842789668,
364.09517995355293,
364.3366897515922,
364.58110502746126,
364.82841703152576,
365.07861691045366,
365.33169570753205,
365.58764436298793,
365.84645371431225,
366.1081144965883,
366.3726173428232,
366.6399527842832,
366.91011125083253,
367.1830830712761,
367.45885847370596,
367.7374275858507,
368.0187804354291,
368.3029069505071,
368.5897969598582,
368.8794401933277,
369.17182628220064,
369.46694475957236,
369.7647850607236,
370.0653365234988,
370.3685883886874,
370.67452980040935,
370.98314980650343,
371.2944373589197,
371.6083813141147,
371.9249704334503,
372.2441933835963,
372.5660387369361,
372.8904949719757,
373.21755047375586,
373.5471935342687,
373.87941235287565,
374.2141950367313,
374.5515296012078,
374.89140397032486,
375.23380597718153,
375.57872336439186,
375.9261437845238,
376.27605480054115,
376.6284438862489,
376.98329842674116,
377.34060571885357,
377.70035297161746,
378.0625273067176,
378.42711575895385,
378.79410527670495,
379.16348272239543,
379.5352348729665,
379.90934842034915,
380.28580997194047,
380.66460605108296,
381.04572309754747,
381.4291474680183,
381.8148654365813,
382.20286319521597,
382.59312685428927,
382.9856424430526,
383.38039591014274,
383.7773731240841,
384.176559873795,
384.5779418690962,
384.9815047412226,
385.38723404333757,
385.7951152510501,
386.2051337629348,
386.61727490105466,
387.03152391148615,
387.4478659648479,
387.8662861568313,
388.28676950873364,
388.7093009679953,
389.13386540873785,
389.56044763230545,
389.9890323678096,
390.4196042726753,
390.85214793319017,
391.2866478650566,
391.7230885139462,
392.1614542560559,
392.6017293986681,
393.0438981807117,
393.48794477332694,
393.93385328043144,
394.3816077392901,
394.83119212108534,
395.2825903314922,
395.7357862112534,
396.1907635367587,
396.64750602062475,
397.1059973122791,
397.56622099854496,
398.0281606042287,
398.49179959270987,
398.95712136653333,
399.4241092680031,
399.89274657977865,
400.36301652547365,
400.8349022702562,
401.30838692145176,
401.78345352914766,
402.26008508680036,
402.73826453184336,
403.21797474629875,
403.69919855739,
404.1819187381561,
404.6661180080689,
405.15177903365156,
405.63888442909877,
406.12741675689927,
406.6173585284605,
407.108692204734,
407.60140019684366,
408.09546486671536,
408.59086852770827,
409.087593445248,
409.58562183746164,
410.08493587581404,
410.58551768574637,
411.0873493473156,
411.5904128958364,
412.094690322524,
412.60016357513894,
413.10681455863335,
413.61462513579863,
414.1235771279149,
414.6336523154014,
415.14483243846917,
415.6570991977743,
416.1704342550737,
416.6848192338805,
417.2002357201228,
417.7166652628026,
418.23408937465626,
418.7524895328162,
419.2718471794741,
419.79214372254546,
420.3133605363347,
420.8354789622024,
421.35848030923285,
421.8823458549034,
422.4070568457546,
422.9325944980616,
423.45893999850637,
423.9860745048517,
424.51397914661493,
425.0426350257443,
425.5720232172947,
426.102124770106,
426.6329207074805,
427.1643920278632,
427.69651970552115,
428.2292846912254,
428.7626679129322,
429.29665027646627,
429.8312126662038,
430.36633594575744,
430.9020009586608,
