
DETcontrolabsorptions = [
    1    1    1    1    1    1    1    1    1    1  1.07485E+19 0.00018 
];

