
DETcontrolabsorptions = [
    1    1    1    1    1    1    1    1    1    1  9.87301E+18 0.00066 
];

