
DETcontrolabsorptions = [
    1    1    1    1    1    1    1    1    1    1  8.48871E+18 0.00148 
];

