
DETcontrolabsorptions = [
    1    1    1    1    1    1    1    1    1    1  9.09761E+18 0.00079 
];

