
DETcontrolabsorptions = [
    1    1    1    1    1    1    1    1    1    1  1.17126E+19 0.00037 
];

