
DETcontrolabsorptions = [
    1    1    1    1    1    1    1    1    1    1  9.11956E+18 0.00084 
];

