
DETcontrolabsorptions = [
    1    1    1    1    1    1    1    1    1    1  8.81467E+18 0.00113 
];

