
DETcontrolabsorptions = [
    1    1    1    1    1    1    1    1    1    1  9.79986E+18 0.00046 
];

