
DETcontrolabsorptions = [
    1    1    1    1    1    1    1    1    1    1  1.13943E+19 0.00071 
];

