
DETcontrolabsorptions = [
    1    1    1    1    1    1    1    1    1    1  8.59969E+18 0.00141 
];

