
DETbatch1 = [
    1    1    1    1    1    1    1    1    1    1  3.66834E+19 0.00180 
    2    1    2    1    1    1    1    1    1    1  2.15686E+20 0.00131 
    3    1    3    1    1    1    1    1    1    1  6.83026E+20 0.00088 
    4    1    4    1    1    1    1    1    1    1  1.22369E+21 0.00075 
    5    1    5    1    1    1    1    1    1    1  1.32203E+21 0.00078 
    6    1    6    1    1    1    1    1    1    1  8.77110E+20 0.00103 
    7    1    7    1    1    1    1    1    1    1  3.39632E+20 0.00134 
    8    1    8    1    1    1    1    1    1    1  7.55985E+19 0.00199 
    9    1    9    1    1    1    1    1    1    1  1.02946E+19 0.00316 
];


DETbatch2 = [
    1    1    1    1    1    1    1    1    1    1  3.85161E+19 0.00205 
    2    1    2    1    1    1    1    1    1    1  2.26062E+20 0.00153 
    3    1    3    1    1    1    1    1    1    1  6.68854E+20 0.00088 
    4    1    4    1    1    1    1    1    1    1  1.09658E+21 0.00059 
    5    1    5    1    1    1    1    1    1    1  1.16524E+21 0.00045 
    6    1    6    1    1    1    1    1    1    1  8.29207E+20 0.00087 
    7    1    7    1    1    1    1    1    1    1  3.49574E+20 0.00131 
    8    1    8    1    1    1    1    1    1    1  7.94238E+19 0.00192 
    9    1    9    1    1    1    1    1    1    1  1.03675E+19 0.00321 
];


DETbatch3 = [
    1    1    1    1    1    1    1    1    1    1  3.05760E+19 0.00241 
    2    1    2    1    1    1    1    1    1    1  1.74807E+20 0.00174 
    3    1    3    1    1    1    1    1    1    1  4.88216E+20 0.00108 
    4    1    4    1    1    1    1    1    1    1  7.56219E+20 0.00070 
    5    1    5    1    1    1    1    1    1    1  7.95674E+20 0.00051 
    6    1    6    1    1    1    1    1    1    1  5.90633E+20 0.00081 
    7    1    7    1    1    1    1    1    1    1  2.65330E+20 0.00127 
    8    1    8    1    1    1    1    1    1    1  6.24166E+19 0.00179 
    9    1    9    1    1    1    1    1    1    1  8.27064E+18 0.00304 
];


DETbatch4 = [
    1    1    1    1    1    1    1    1    1    1  2.44083E+19 0.00237 
    2    1    2    1    1    1    1    1    1    1  1.35038E+20 0.00162 
    3    1    3    1    1    1    1    1    1    1  3.79952E+20 0.00097 
    4    1    4    1    1    1    1    1    1    1  6.02497E+20 0.00072 
    5    1    5    1    1    1    1    1    1    1  6.36815E+20 0.00074 
    6    1    6    1    1    1    1    1    1    1  4.63838E+20 0.00087 
    7    1    7    1    1    1    1    1    1    1  2.04368E+20 0.00127 
    8    1    8    1    1    1    1    1    1    1  4.92677E+19 0.00179 
    9    1    9    1    1    1    1    1    1    1  6.88182E+18 0.00271 
];


DETbatch5 = [
    1    1    1    1    1    1    1    1    1    1  1.50555E+19 0.00220 
    2    1    2    1    1    1    1    1    1    1  7.86779E+19 0.00155 
    3    1    3    1    1    1    1    1    1    1  2.17102E+20 0.00108 
    4    1    4    1    1    1    1    1    1    1  3.50540E+20 0.00076 
    5    1    5    1    1    1    1    1    1    1  3.72588E+20 0.00083 
    6    1    6    1    1    1    1    1    1    1  2.66727E+20 0.00091 
    7    1    7    1    1    1    1    1    1    1  1.17790E+20 0.00137 
    8    1    8    1    1    1    1    1    1    1  2.98494E+19 0.00189 
    9    1    9    1    1    1    1    1    1    1  4.52326E+18 0.00292 
];


DETbatch6 = [
    1    1    1    1    1    1    1    1    1    1  8.98859E+18 0.00223 
    2    1    2    1    1    1    1    1    1    1  4.43842E+19 0.00178 
    3    1    3    1    1    1    1    1    1    1  1.19131E+20 0.00111 
    4    1    4    1    1    1    1    1    1    1  1.92721E+20 0.00090 
    5    1    5    1    1    1    1    1    1    1  2.05296E+20 0.00087 
    6    1    6    1    1    1    1    1    1    1  1.46703E+20 0.00106 
    7    1    7    1    1    1    1    1    1    1  6.58118E+19 0.00140 
    8    1    8    1    1    1    1    1    1    1  1.75403E+19 0.00217 
    9    1    9    1    1    1    1    1    1    1  2.88250E+18 0.00399 
];


DETbatch7 = [
    1    1    1    1    1    1    1    1    1    1  5.64894E+18 0.00333 
    2    1    2    1    1    1    1    1    1    1  2.63633E+19 0.00186 
    3    1    3    1    1    1    1    1    1    1  6.86401E+19 0.00121 
    4    1    4    1    1    1    1    1    1    1  1.10602E+20 0.00095 
    5    1    5    1    1    1    1    1    1    1  1.17984E+20 0.00093 
    6    1    6    1    1    1    1    1    1    1  8.46024E+19 0.00110 
    7    1    7    1    1    1    1    1    1    1  3.86760E+19 0.00178 
    8    1    8    1    1    1    1    1    1    1  1.08140E+19 0.00217 
    9    1    9    1    1    1    1    1    1    1  1.94253E+18 0.00410 
];

