z = [
-1.5,
-1.494,
-1.488,
-1.482,
-1.476,
-1.47,
-1.464,
-1.458,
-1.452,
-1.446,
-1.44,
-1.434,
-1.428,
-1.422,
-1.416,
-1.41,
-1.404,
-1.398,
-1.392,
-1.386,
-1.38,
-1.374,
-1.368,
-1.362,
-1.356,
-1.35,
-1.344,
-1.338,
-1.332,
-1.326,
-1.32,
-1.314,
-1.308,
-1.302,
-1.296,
-1.29,
-1.284,
-1.278,
-1.272,
-1.266,
-1.26,
-1.254,
-1.248,
-1.242,
-1.236,
-1.23,
-1.224,
-1.218,
-1.212,
-1.206,
-1.2,
-1.194,
-1.188,
-1.182,
-1.176,
-1.17,
-1.164,
-1.158,
-1.152,
-1.146,
-1.14,
-1.134,
-1.128,
-1.122,
-1.116,
-1.11,
-1.104,
-1.098,
-1.092,
-1.086,
-1.08,
-1.074,
-1.068,
-1.062,
-1.056,
-1.05,
-1.044,
-1.038,
-1.032,
-1.026,
-1.02,
-1.014,
-1.008,
-1.002,
-0.996,
-0.99,
-0.984,
-0.978,
-0.972,
-0.966,
-0.96,
-0.954,
-0.948,
-0.942,
-0.936,
-0.93,
-0.924,
-0.918,
-0.912,
-0.906,
-0.9,
-0.894,
-0.888,
-0.882,
-0.876,
-0.87,
-0.864,
-0.858,
-0.852,
-0.846,
-0.84,
-0.834,
-0.828,
-0.822,
-0.816,
-0.81,
-0.804,
-0.798,
-0.792,
-0.786,
-0.78,
-0.774,
-0.768,
-0.762,
-0.756,
-0.75,
-0.744,
-0.738,
-0.732,
-0.726,
-0.72,
-0.714,
-0.708,
-0.702,
-0.696,
-0.69,
-0.684,
-0.678,
-0.672,
-0.666,
-0.66,
-0.654,
-0.648,
-0.642,
-0.636,
-0.63,
-0.624,
-0.618,
-0.612,
-0.606,
-0.6,
-0.594,
-0.588,
-0.582,
-0.576,
-0.57,
-0.564,
-0.558,
-0.552,
-0.546,
-0.54,
-0.534,
-0.528,
-0.522,
-0.516,
-0.51,
-0.504,
-0.498,
-0.492,
-0.486,
-0.48,
-0.474,
-0.468,
-0.462,
-0.456,
-0.45,
-0.444,
-0.438,
-0.432,
-0.426,
-0.42,
-0.414,
-0.408,
-0.402,
-0.396,
-0.39,
-0.384,
-0.378,
-0.372,
-0.366,
-0.36,
-0.354,
-0.348,
-0.342,
-0.336,
-0.33,
-0.324,
-0.318,
-0.312,
-0.306,
-0.3,
-0.294,
-0.288,
-0.282,
-0.276,
-0.27,
-0.264,
-0.258,
-0.252,
-0.246,
-0.24,
-0.234,
-0.228,
-0.222,
-0.216,
-0.21,
-0.204,
-0.198,
-0.192,
-0.186,
-0.18,
-0.174,
-0.168,
-0.162,
-0.156,
-0.15,
-0.144,
-0.138,
-0.132,
-0.126,
-0.12,
-0.114,
-0.108,
-0.102,
-0.096,
-0.09,
-0.084,
-0.078,
-0.072,
-0.066,
-0.06,
-0.054,
-0.048,
-0.042,
-0.036,
-0.03,
-0.024,
-0.018,
-0.012,
-0.006,
0.0,
0.006,
0.012,
0.018,
0.024,
0.03,
0.036,
0.042,
0.048,
0.054,
0.06,
0.066,
0.072,
0.078,
0.084,
0.09,
0.096,
0.102,
0.108,
0.114,
0.12,
0.126,
0.132,
0.138,
0.144,
0.15,
0.156,
0.162,
0.168,
0.174,
0.18,
0.186,
0.192,
0.198,
0.204,
0.21,
0.216,
0.222,
0.228,
0.234,
0.24,
0.246,
0.252,
0.258,
0.264,
0.27,
0.276,
0.282,
0.288,
0.294,
0.3,
0.306,
0.312,
0.318,
0.324,
0.33,
0.336,
0.342,
0.348,
0.354,
0.36,
0.366,
0.372,
0.378,
0.384,
0.39,
0.396,
0.402,
0.408,
0.414,
0.42,
0.426,
0.432,
0.438,
0.444,
0.45,
0.456,
0.462,
0.468,
0.474,
0.48,
0.486,
0.492,
0.498,
0.504,
0.51,
0.516,
0.522,
0.528,
0.534,
0.54,
0.546,
0.552,
0.558,
0.564,
0.57,
0.576,
0.582,
0.588,
0.594,
0.6,
0.606,
0.612,
0.618,
0.624,
0.63,
0.636,
0.642,
0.648,
0.654,
0.66,
0.666,
0.672,
0.678,
0.684,
0.69,
0.696,
0.702,
0.708,
0.714,
0.72,
0.726,
0.732,
0.738,
0.744,
0.75,
0.756,
0.762,
0.768,
0.774,
0.78,
0.786,
0.792,
0.798,
0.804,
0.81,
0.816,
0.822,
0.828,
0.834,
0.84,
0.846,
0.852,
0.858,
0.864,
0.87,
0.876,
0.882,
0.888,
0.894,
0.9,
0.906,
0.912,
0.918,
0.924,
0.93,
0.936,
0.942,
0.948,
0.954,
0.96,
0.966,
0.972,
0.978,
0.984,
0.99,
0.996,
1.002,
1.008,
1.014,
1.02,
1.026,
1.032,
1.038,
1.044,
1.05,
1.056,
1.062,
1.068,
1.074,
1.08,
1.086,
1.092,
1.098,
1.104,
1.11,
1.116,
1.122,
1.128,
1.134,
1.14,
1.146,
1.152,
1.158,
1.164,
1.17,
1.176,
1.182,
1.188,
1.194,
1.2,
1.206,
1.212,
1.218,
1.224,
1.23,
1.236,
1.242,
1.248,
1.254,
1.26,
1.266,
1.272,
1.278,
1.284,
1.29,
1.296,
1.302,
1.308,
1.314,
1.32,
1.326,
1.332,
1.338,
1.344,
1.35,
1.356,
1.362,
1.368,
1.374,
1.38,
1.386,
1.392,
1.398,
1.404,
1.41,
1.416,
1.422,
1.428,
1.434,
1.44,
1.446,
1.452,
1.458,
1.464,
1.47,
1.476,
1.482,
1.488,
1.494,
1.5,];
fit = [
369.54407809658414,
372.07720831448194,
373.36460147339847,
374.65859736147434,
375.95398527740474,
377.25074491328144,
378.54883006299315,
379.8481947505711,
381.14879309285084,
382.4505793010575,
383.7535076815931,
385.05753263680447,
386.36260866573025,
387.6686903648301,
388.97573242868907,
390.28368965070615,
391.59251692376256,
392.90216924086826,
394.2126016957923,
395.5237694836744,
396.83562790161614,
398.148132349257,
399.4612383293305,
400.7749014482048,
402.0890774164043,
403.4037220491175,
404.7187912666858,
406.03424109507705,
407.35002766634443,
408.6661072190692,
409.9824360987876,
411.2989707584039,
412.6156677585883,
413.9324837681629,
415.2493755644696,
416.5663000337272,
417.8832141713764,
419.20007508240803,
420.5168399816815,
421.83346619423037,
423.1499111555546,
424.4661324119021,
425.7820876205378,
427.0977345500032,
428.41303108036175,
429.7279352034369,
431.04240502303674,
432.3563987551714,
433.66987472825735,
434.9827913833143,
436.29510727415186,
437.6067810675471,
438.91777154341287,
440.22803759495855,
441.53753822884073,
442.84623256530756,
444.1540798383339,
445.46103939574914,
446.76707069935776,
448.0721333250526,
449.376186962922,
450.67919141734785,
451.9811066071005,
453.2818925654243,
454.5815094401198,
455.879917493618,
457.17707710304967,
458.4729487603105,
459.7674930721197,
461.0606707600739,
462.35244266069674,
463.64276972548384,
464.93161302094325,
466.2189337286319,
467.50469314518864,
468.7888526823623,
470.0713738670379,
471.35221834125844,
472.6313478622435,
473.90872430240586,
475.18430964936374,
476.45806600595324,
477.7299555902347,
478.99994073550033,
480.26798389027715,
481.53404761832996,
482.7980945986617,
484.0600876255122,
485.3199896083564,
486.5777635718998,
487.8333726560751,
489.0867801160356,
490.3379493221503,
491.5868437599961,
492.83342703035146,
494.0776628491883,
495.31951504766516,
496.5589475721198,
497.7959244840614,
499.03040996016364,
500.26236829225934,
501.4917638873327,
502.7185612675155,
503.9427250700828,
505.1642200474488,
506.3830110671653,
507.5990631119205,
508.8123412795394,
510.02281078298563,
511.23043695036506,
512.4351852249314,
513.6370211650918,
514.8359104444179,
516.0318188516553,
517.2247122907371,
518.4145567807998,
519.601318456201,
520.7849635665397,
521.9654584766784,
523.1427696667705,
524.3168637322864,
525.4877073840471,
526.655267448256,
527.819510866538,
528.9804046959794,
530.1379161091702,
531.292012394253,
532.4426609549718,
533.5898293107263,
534.7334850966295,
535.8735960635682,
537.0101300782673,
538.1430551233594,
539.2723392974559,
540.3979508152237,
541.5198580074656,
542.6380293212037,
543.7524333197687,
544.863038682892,
545.9698142068025,
547.0727288043274,
548.1717515049985,
549.2668514551603,
550.357997918087,
551.4451602740987,
552.5283080206865,
553.6074107726397,
554.6824382621787,
555.7533603390931,
556.8201469708829,
557.8827682429056,
558.9411943585292,
559.995395639287,
561.0453425250416,
562.091005574149,
563.1323554636323,
564.169362989357,
565.2019990662133,
566.2302347283027,
567.2540411291297,
568.2733895417999,
569.2882513592205,
570.2985980943084,
571.3044013802036,
572.305632970486,
573.3022647393994,
574.294268682079,
575.2816169147853,
576.264281675144,
577.2422353223889,
578.215450337612,
579.1838993240198,
580.147555007191,
581.1063902353449,
582.0603779796106,
583.009491334304,
583.95370351721,
584.8929878698689,
585.8273178578693,
586.7566670711465,
587.6810092242848,
588.6003181568271,
589.5145678335886,
590.4237323449753,
591.3277859073108,
592.226702863164,
593.1204576816859,
594.009024958951,
594.8923794183012,
595.7704959106987,
596.6433494150828,
597.5109150387304,
598.3731680176244,
599.230083716826,
600.0816376308508,
600.9278053840532,
601.7685627310135,
602.603885556931,
603.4337498780225,
604.2581318419245,
605.0770077281022,
605.8903539482634,
606.6981470467749,
607.5003637010877,
608.296980722164,
609.0879750549104,
609.8733237786158,
610.6530041073944,
611.4269933906331,
612.1952691134434,
612.9578088971185,
613.7145904995949,
614.4655918159189,
615.2107908787167,
615.9501658586706,
616.6836950649976,
617.4113569459348,
618.1331300892272,
618.8489932226213,
619.5589252143612,
620.2629050736912,
620.9609119513613,
621.6529251401362,
622.3389240753091,
623.0188883352215,
623.6927976417816,
624.3606318609933,
