
DETcontrolabsorptions = [
    1    1    1    1    1    1    1    1    1    1  1.11799E+19 0.00055 
];

