
DETbatch1 = [
    1    1    1    1    1    1    1    1    1    1  5.18869E+19 0.00241 
    2    1    2    1    1    1    1    1    1    1  2.89918E+20 0.00164 
    3    1    3    1    1    1    1    1    1    1  8.40012E+20 0.00115 
    4    1    4    1    1    1    1    1    1    1  1.37460E+21 0.00078 
    5    1    5    1    1    1    1    1    1    1  1.45900E+21 0.00068 
    6    1    6    1    1    1    1    1    1    1  1.03902E+21 0.00111 
    7    1    7    1    1    1    1    1    1    1  4.42479E+20 0.00157 
    8    1    8    1    1    1    1    1    1    1  1.05233E+20 0.00194 
    9    1    9    1    1    1    1    1    1    1  1.47453E+19 0.00328 
];


DETbatch2 = [
    1    1    1    1    1    1    1    1    1    1  4.54509E+19 0.00227 
    2    1    2    1    1    1    1    1    1    1  2.45110E+20 0.00155 
    3    1    3    1    1    1    1    1    1    1  6.50061E+20 0.00105 
    4    1    4    1    1    1    1    1    1    1  9.77250E+20 0.00060 
    5    1    5    1    1    1    1    1    1    1  1.02370E+21 0.00047 
    6    1    6    1    1    1    1    1    1    1  7.77763E+20 0.00098 
    7    1    7    1    1    1    1    1    1    1  3.65568E+20 0.00149 
    8    1    8    1    1    1    1    1    1    1  9.14253E+19 0.00187 
    9    1    9    1    1    1    1    1    1    1  1.27968E+19 0.00294 
];


DETbatch3 = [
    1    1    1    1    1    1    1    1    1    1  3.11830E+19 0.00234 
    2    1    2    1    1    1    1    1    1    1  1.61517E+20 0.00183 
    3    1    3    1    1    1    1    1    1    1  4.01631E+20 0.00114 
    4    1    4    1    1    1    1    1    1    1  5.73549E+20 0.00066 
    5    1    5    1    1    1    1    1    1    1  5.96282E+20 0.00069 
    6    1    6    1    1    1    1    1    1    1  4.71014E+20 0.00102 
    7    1    7    1    1    1    1    1    1    1  2.36541E+20 0.00156 
    8    1    8    1    1    1    1    1    1    1  6.20957E+19 0.00199 
    9    1    9    1    1    1    1    1    1    1  8.95184E+18 0.00284 
];


DETbatch4 = [
    1    1    1    1    1    1    1    1    1    1  2.37555E+19 0.00244 
    2    1    2    1    1    1    1    1    1    1  1.19919E+20 0.00180 
    3    1    3    1    1    1    1    1    1    1  3.03266E+20 0.00129 
    4    1    4    1    1    1    1    1    1    1  4.45647E+20 0.00088 
    5    1    5    1    1    1    1    1    1    1  4.65828E+20 0.00083 
    6    1    6    1    1    1    1    1    1    1  3.59775E+20 0.00109 
    7    1    7    1    1    1    1    1    1    1  1.75838E+20 0.00152 
    8    1    8    1    1    1    1    1    1    1  4.69533E+19 0.00167 
    9    1    9    1    1    1    1    1    1    1  7.12430E+18 0.00281 
];


DETbatch5 = [
    1    1    1    1    1    1    1    1    1    1  1.43472E+19 0.00270 
    2    1    2    1    1    1    1    1    1    1  6.94138E+19 0.00185 
    3    1    3    1    1    1    1    1    1    1  1.76229E+20 0.00130 
    4    1    4    1    1    1    1    1    1    1  2.68295E+20 0.00095 
    5    1    5    1    1    1    1    1    1    1  2.82561E+20 0.00097 
    6    1    6    1    1    1    1    1    1    1  2.12084E+20 0.00120 
    7    1    7    1    1    1    1    1    1    1  1.01648E+20 0.00157 
    8    1    8    1    1    1    1    1    1    1  2.80220E+19 0.00190 
    9    1    9    1    1    1    1    1    1    1  4.56418E+18 0.00320 
];


DETbatch6 = [
    1    1    1    1    1    1    1    1    1    1  8.51922E+18 0.00270 
    2    1    2    1    1    1    1    1    1    1  3.93081E+19 0.00197 
    3    1    3    1    1    1    1    1    1    1  9.87112E+19 0.00132 
    4    1    4    1    1    1    1    1    1    1  1.52185E+20 0.00089 
    5    1    5    1    1    1    1    1    1    1  1.61193E+20 0.00105 
    6    1    6    1    1    1    1    1    1    1  1.19611E+20 0.00127 
    7    1    7    1    1    1    1    1    1    1  5.73288E+19 0.00174 
    8    1    8    1    1    1    1    1    1    1  1.64423E+19 0.00218 
    9    1    9    1    1    1    1    1    1    1  2.90647E+18 0.00416 
];


DETbatch7 = [
    1    1    1    1    1    1    1    1    1    1  5.30560E+18 0.00314 
    2    1    2    1    1    1    1    1    1    1  2.34363E+19 0.00196 
    3    1    3    1    1    1    1    1    1    1  5.78060E+19 0.00134 
    4    1    4    1    1    1    1    1    1    1  8.97596E+19 0.00093 
    5    1    5    1    1    1    1    1    1    1  9.51012E+19 0.00112 
    6    1    6    1    1    1    1    1    1    1  7.02637E+19 0.00146 
    7    1    7    1    1    1    1    1    1    1  3.39821E+19 0.00178 
    8    1    8    1    1    1    1    1    1    1  1.01499E+19 0.00243 
    9    1    9    1    1    1    1    1    1    1  1.93270E+18 0.00391 
];

