
DETcontrolabsorptions = [
    1    1    1    1    1    1    1    1    1    1  1.27702E+19 0.00053 
];

