
DETcontrolabsorptions = [
    1    1    1    1    1    1    1    1    1    1  8.69033E+18 0.00170 
];

