
DETcontrolabsorptions = [
    1    1    1    1    1    1    1    1    1    1  7.70227E+18 0.00228 
];

