
DETbatch1 = [
    1    1    1    1    1    1    1    1    1    1  4.34861E+19 0.00206 
    2    1    2    1    1    1    1    1    1    1  2.51486E+20 0.00140 
    3    1    3    1    1    1    1    1    1    1  7.73228E+20 0.00112 
    4    1    4    1    1    1    1    1    1    1  1.34037E+21 0.00071 
    5    1    5    1    1    1    1    1    1    1  1.43938E+21 0.00067 
    6    1    6    1    1    1    1    1    1    1  9.80552E+20 0.00099 
    7    1    7    1    1    1    1    1    1    1  3.92328E+20 0.00140 
    8    1    8    1    1    1    1    1    1    1  8.91085E+19 0.00178 
    9    1    9    1    1    1    1    1    1    1  1.22153E+19 0.00279 
];


DETbatch2 = [
    1    1    1    1    1    1    1    1    1    1  4.10116E+19 0.00181 
    2    1    2    1    1    1    1    1    1    1  2.32108E+20 0.00139 
    3    1    3    1    1    1    1    1    1    1  6.55296E+20 0.00100 
    4    1    4    1    1    1    1    1    1    1  1.03625E+21 0.00054 
    5    1    5    1    1    1    1    1    1    1  1.09492E+21 0.00051 
    6    1    6    1    1    1    1    1    1    1  7.99789E+20 0.00086 
    7    1    7    1    1    1    1    1    1    1  3.53200E+20 0.00134 
    8    1    8    1    1    1    1    1    1    1  8.36713E+19 0.00161 
    9    1    9    1    1    1    1    1    1    1  1.13054E+19 0.00284 
];


DETbatch3 = [
    1    1    1    1    1    1    1    1    1    1  2.99756E+19 0.00205 
    2    1    2    1    1    1    1    1    1    1  1.63456E+20 0.00141 
    3    1    3    1    1    1    1    1    1    1  4.32247E+20 0.00115 
    4    1    4    1    1    1    1    1    1    1  6.44765E+20 0.00074 
    5    1    5    1    1    1    1    1    1    1  6.75174E+20 0.00050 
    6    1    6    1    1    1    1    1    1    1  5.15890E+20 0.00098 
    7    1    7    1    1    1    1    1    1    1  2.44080E+20 0.00141 
    8    1    8    1    1    1    1    1    1    1  6.04893E+19 0.00193 
    9    1    9    1    1    1    1    1    1    1  8.34318E+18 0.00323 
];


DETbatch4 = [
    1    1    1    1    1    1    1    1    1    1  2.33992E+19 0.00193 
    2    1    2    1    1    1    1    1    1    1  1.23527E+20 0.00146 
    3    1    3    1    1    1    1    1    1    1  3.30041E+20 0.00128 
    4    1    4    1    1    1    1    1    1    1  5.04632E+20 0.00080 
    5    1    5    1    1    1    1    1    1    1  5.30665E+20 0.00068 
    6    1    6    1    1    1    1    1    1    1  3.98011E+20 0.00102 
    7    1    7    1    1    1    1    1    1    1  1.84050E+20 0.00142 
    8    1    8    1    1    1    1    1    1    1  4.66096E+19 0.00184 
    9    1    9    1    1    1    1    1    1    1  6.80443E+18 0.00333 
];


DETbatch5 = [
    1    1    1    1    1    1    1    1    1    1  1.42649E+19 0.00218 
    2    1    2    1    1    1    1    1    1    1  7.16258E+19 0.00143 
    3    1    3    1    1    1    1    1    1    1  1.90224E+20 0.00119 
    4    1    4    1    1    1    1    1    1    1  2.98843E+20 0.00087 
    5    1    5    1    1    1    1    1    1    1  3.16501E+20 0.00073 
    6    1    6    1    1    1    1    1    1    1  2.31831E+20 0.00098 
    7    1    7    1    1    1    1    1    1    1  1.06311E+20 0.00131 
    8    1    8    1    1    1    1    1    1    1  2.81141E+19 0.00167 
    9    1    9    1    1    1    1    1    1    1  4.44091E+18 0.00342 
];


DETbatch6 = [
    1    1    1    1    1    1    1    1    1    1  8.49203E+18 0.00253 
    2    1    2    1    1    1    1    1    1    1  4.05075E+19 0.00153 
    3    1    3    1    1    1    1    1    1    1  1.05523E+20 0.00110 
    4    1    4    1    1    1    1    1    1    1  1.66945E+20 0.00093 
    5    1    5    1    1    1    1    1    1    1  1.77452E+20 0.00084 
    6    1    6    1    1    1    1    1    1    1  1.29232E+20 0.00114 
    7    1    7    1    1    1    1    1    1    1  5.97947E+19 0.00148 
    8    1    8    1    1    1    1    1    1    1  1.64711E+19 0.00199 
    9    1    9    1    1    1    1    1    1    1  2.81071E+18 0.00444 
];


DETbatch7 = [
    1    1    1    1    1    1    1    1    1    1  5.32610E+18 0.00275 
    2    1    2    1    1    1    1    1    1    1  2.41296E+19 0.00180 
    3    1    3    1    1    1    1    1    1    1  6.14515E+19 0.00129 
    4    1    4    1    1    1    1    1    1    1  9.72450E+19 0.00104 
    5    1    5    1    1    1    1    1    1    1  1.03520E+20 0.00088 
    6    1    6    1    1    1    1    1    1    1  7.53158E+19 0.00126 
    7    1    7    1    1    1    1    1    1    1  3.53226E+19 0.00143 
    8    1    8    1    1    1    1    1    1    1  1.01989E+19 0.00232 
    9    1    9    1    1    1    1    1    1    1  1.89143E+18 0.00495 
];

